index,종류별,상황별,재료별,방법별,글 제목,레시피이름,조회수,조리시간,난이도,인분,재료,소개글,조리순서
42978,메인반찬,간식,돼지고기,튀김,추억의 간식 피카츄돈까스 치킨너겟으로 그 맛을 재연하다,돈까스,"49,499",15분 이내,아무나,1인분,"[('치킨너겟', '9개'), ('올리고당', '2T'), ('케찹', '2T'), ('고추장', '0.5T'), ('다진 마늘', '0.5T')]","피카츄돈까스 
이거 초딩때 진짜 맨날 분식집 가서 사 먹었었는데 
500원이었던 거 같은데
와 초딩때는 세상에서 이게 떡꼬치 다음으로 제일 맛있었는데 말이죠
그때 그맛을 치킨너겟으로 다시 한번 재연해봤습니다 
간단한 아이들간식으로 너무 좋은 치킨너겟꼬지","[{'step_number': 1, 'description': '저는 치킨너겟을 이용했어요 \n치킨너겟으로 하셔도 되는데, 미니돈까스로 하셔도 되고 그냥 돈까스로 하셔도 돼요!\n달군 팬에 기름을 충분히 두르고 치킨너겟을 튀기듯이 구워주세요 \n바삭바삭하게 말이죠 \n피카츄돈까스의 생명은 튀겨내서 바삭했단 거죠', 'image_url': 'https://recipe1.ezmember.co.kr/cache/recipe/2016/11/24/994177a72180c9b5ca06307d7264fd841.jpg'}, {'step_number': 2, 'description': '튀기듯이 바삭바삭하게 구워주세요중불', 'image_url': 'https://recipe1.ezmember.co.kr/cache/recipe/2016/11/24/4885faacccb95ca7058ac52ff3d8474b1.jpg'}, {'step_number': 3, 'description': '소스를 만들어볼게요\n볼에 올리고당 2T, 케찹 2T, 고추장 0.5T, 다진 마늘 0.5T를 넣고 잘 섞어주세요 \n떡꼬치, 순대 꼬지 등등 튀김요리 양념으로 좋으니 활용하셔도 좋아요', 'image_url': 'https://recipe1.ezmember.co.kr/cache/recipe/2016/11/24/a30bbcf13ae12fe4b119172e23b5373e1.jpg'}, {'step_number': 4, 'description': '바삭하게 구워진 치킨너겟은 꼬지에 3개씩 꽂아주세요', 'image_url': 'https://recipe1.ezmember.co.kr/cache/recipe/2016/11/24/ec212b97247f97f24b07dad2d3d0140f1.jpg'}, {'step_number': 5, 'description': '그리고 양념을 앞, 뒤, 옆 구석구석 잘 발라줍니다 \n저는 양념 듬뿍~ 발랐어요', 'image_url': 'https://recipe1.ezmember.co.kr/cache/recipe/2016/11/24/f2db00b9f4ad8340760d62b58896f40f1.jpg'}, {'step_number': 6, 'description': '달달한 양념이 듬뿍 발라진 바삭한 치킨너겟 꼬지 \n진짜 한입 먹는 순간 피카츄돈까스가 생각이 나요', 'image_url': 'https://recipe1.ezmember.co.kr/cache/recipe/2016/11/24/3afd53c02262f411e11f92d5a7c713721.jpg'}]"
42979,메인반찬,간식,돼지고기,튀김,새콤달콤 탕수육♡,탕수육,"99,871",60분 이내,중급,4인분,"[('돼지고기안심', '300g'), ('소금', '약간'), ('후추', '약간'), ('계란노른자', '1개'), ('감자전분 100%', '250g'), ('양파', '1/2개'), ('포도씨유', '250cc'), ('노란 파프리카', '1/2개'), ('빨간 파프리카', '1/2개'), ('초록 파프리카', '1/2개'), ('물', '250cc'), ('레몬가루', '3T'), ('설탕', '3T'), ('소금', '약간'), ('포도씨유', '1T'), ('감자전분', '1/2T')]",아주 오랫만에 공부한다고 앉아있는 제 아들이 탕수육이 먹고싶다네요~ 가장 좋은 재료를 구입해 부지런히 만들어 먹였답니다^^ 새콤달콤 촉촉한 맛이 최고예요.,"[{'step_number': 1, 'description': '100%감자전분을 통에 담아 물을 넣고 저어요. 4시간 동안 가만히두고 가라앉혀 주세요.', 'image_url': 'https://recipe1.ezmember.co.kr/cache/recipe/2018/10/03/8ff386cc62ea099cd579d18c5e697fe61.jpg'}, {'step_number': 2, 'description': '윗물은 따라 버리고 젖은 전분을 준비해요.', 'image_url': 'https://recipe1.ezmember.co.kr/cache/recipe/2018/10/03/386880c1ce1cca5e72b0df305cea4f271.jpg'}, {'step_number': 3, 'description': '돼지고기 안심을 손가락 굵기로 썰어주세요.(사실 때 부탁해서 썰어오면 좋아요.)\n비닐봉지에 담아 소금, 후추 뿌려 30분 재워주세요.', 'image_url': 'https://recipe1.ezmember.co.kr/cache/recipe/2018/10/03/5ec7d0b04abad3369591690dc055aaa21.jpg'}, {'step_number': 4, 'description': '그동안 나머지 재료를 준비해요.\n파프리카, 양파 다듬고 계란 노른자 준비하구요.\n물, 레몬가루, 설탕, 소금을 타둡니다.\n전분물은 2번에서 1/2T 가져와 물과 섞어주세요.', 'image_url': 'https://recipe1.ezmember.co.kr/cache/recipe/2018/10/03/f1fbed92d87a7a8c1ab4f0a5ce9f5f751.jpg'}, {'step_number': 5, 'description': '자~밑간한 고기에 노른자 넣고 봉지를 오므려 조물조물! 젖은 전분 넣고 주물주물! 잘 주물러 주세요. ※여기서 포도씨유 1T를 넣으면 튀길때 고기를 떼어내기가 더 쉬워요.', 'image_url': 'https://recipe1.ezmember.co.kr/cache/recipe/2018/10/03/232c196d5097574327bd1b91dac8f1951.jpg'}, {'step_number': 6, 'description': '팬에 포도씨유를 넣고 튀겨주세요.\n※가스렌지-중불/인덕션-튀김180도\n아래가 노릇해지면 한번 뒤집어주세요. 망에 꺼내요.', 'image_url': 'https://recipe1.ezmember.co.kr/cache/recipe/2018/10/03/385af863aa90dace1ad5fccd6839a9231.jpg'}, {'step_number': 7, 'description': '팬에 6번의 뜨거운 기름 2T 넣고 채소 넣어 잠깐 볶다가 준비해둔 소스물을 부어주세요.\n끓으면 전분물 휘저으며 넣고 걸쭉해지면 고기 넣어 뒤섞어주세요. 바로 불을 꺼주세요.', 'image_url': 'https://recipe1.ezmember.co.kr/cache/recipe/2018/10/03/f6e9eb837a52a44c5d11861def01d1161.jpg'}, {'step_number': 8, 'description': '그릇에 담아 보세요. 상큼하고 깔끔해서 국물 한방울까지 정~~~말 맛있답니다.^^', 'image_url': 'https://recipe1.ezmember.co.kr/cache/recipe/2018/10/03/7b6537f2e74bd960f6f739f38f853b351.jpg'}]"
42980,메인반찬,간식,돼지고기,튀김,돼지 등갈비 강정 만들기,돼지등갈비강정,"28,434",60분 이내,중급,2인분,"[('돼지 등갈비', '500g'), ('청주', '1컵'), ('물                                                                                잠길 정도', ''), ('전분가루', '2큰술'), ('소금', '약간'), ('후춧가루', '약간'), ('고추장', '1큰술'), ('간장', '1/2큰술'), ('케첩', '3큰술'), ('꿀', '4큰술'), ('다진마늘', '1큰술'), ('식초', '1큰술'), ('물', '1컵')]",손에 묻은 양념까지 쪽쪽~~~!!!! 놓치고 싶지 않은 등갈비 강정~ 달콤한 양념 소스가 아이들 간식으로도 부담 없겠구용~ 주말 별미 간식으로 좋을거 같아요.,"[{'step_number': 1, 'description': '등갈비는 깨끗이 씻어 한쪽씩 자르고 냄비에 등갈비와 청주(1컵), 물 잠길 정도로 넉넉히 부어준 뒤 20분간 삶아주세요.', 'image_url': 'https://recipe1.ezmember.co.kr/cache/recipe/2015/05/03/e4d3af20e48e78bc4680e5b80188f1d61.jpg'}, {'step_number': 2, 'description': '삶은 등갈비는 체반에 받쳐 흐르는 물에 깨끗이 헹궈주시고, 등갈비에 소금, 후춧가루(약간)로 밑간한 뒤 전분가루(2)를 넣어 고루 묻혀주세요.', 'image_url': 'https://recipe1.ezmember.co.kr/cache/recipe/2015/05/03/61c1b40ebe6b1e52b5ef296b353eaf731.jpg'}, {'step_number': 3, 'description': '기름은 반쯤 부어 달군 뒤 한면씩 노릇하게 튀겨주세요. 바삭하게 튀겨진 등갈비는 키친타올에 기름을 빼주세요.', 'image_url': 'https://recipe1.ezmember.co.kr/cache/recipe/2015/05/03/3ca6147676d4516d2f5d0c38dd679d0a1.jpg'}, {'step_number': 4, 'description': '양념장 재료를 한데 섞어 냄비에 바글바글 끓여주세요.', 'image_url': 'https://recipe1.ezmember.co.kr/cache/recipe/2015/05/03/3910f06f3a3248570ffa358b6baf61251.jpg'}, {'step_number': 5, 'description': '튀긴 등갈비를 넣고 버무려 마무리.', 'image_url': 'https://recipe1.ezmember.co.kr/cache/recipe/2015/05/03/07e952014e4d513f08e6a8452b5ad86c1.jpg'}]"
42981,메인반찬,간식,돼지고기,튀김,방학한 아이들을 위한 메뉴-탕수육 만들기,탕수육,"4,005",30분 이내,아무나,2인분,"[('돼지고기                                                                                안심 or 등심', '300g'), ('기름', '적당량'), ('마늘', '1/2수저'), ('생강즙', '약간'), ('간장', '1/3수저'), ('후추', '약간'), ('미림', '1수저'), ('전분', '2수저'), ('찹쌀가루', '2수저'), ('계란 흰자', '1수저'), ('카놀라유', '1수저'), ('홍피망', '1/2개'), ('청피망', '1/2개'), ('양파', '1/2개'), ('당근', '1/4개'), ('브로콜리', '약간'), ('간장', '2수저'), ('설탕', '3수저'), ('식초', '3수저'), ('물', '1컵'), ('물 녹말', '1수저')]",안녕하세요 요즘 아이들이 방학 중이라 매일같이 맛있는 것을 만들어 주려 하는 엄마의 마음을 생각해 탕수육을 만들어 보았습니다 탕수육 하면 아이들도 좋아할 거라 생각하는데 만들기 어렵지 않고 푸짐하게 만들어 맛있게 먹을 수 있어 좋아요^^,"[{'step_number': 1, 'description': '가장 먼저 돼지고기 등심을 준비하여\n가로 1cmx 세로 1cm 정도의 두께로 썰어\n마늘 생강 미림 후추 간장을 넣어\n먼저 밑간을 해 30분 정도 숙성을 시켜주고', 'image_url': 'https://recipe1.ezmember.co.kr/cache/recipe/2017/01/16/556c4810a4fe637c1e4fd2fa0ab8238c1.jpg'}, {'step_number': 2, 'description': '야채 손질을 합니다\n홍 청피망과 당근 양파 묵이 버섯 브로콜리를\n준비하였어요 오이가 있으면 좋은데\n집에 없어 그냥 저는 패스했답니다\n그밖에 과일을 넣어 소스를 만들어 주어도\n좋고요 집에 있는 어떠한 야채를 사용해도 좋습니다', 'image_url': 'https://recipe1.ezmember.co.kr/cache/recipe/2017/01/16/841996da69c53097a4649106d11c79821.jpg'}, {'step_number': 3, 'description': '야채 손질을 하였으면 물 녹말을 만들어줍니다\n전분 1수저에 물 1수저를 넣어 만들어요\n만약 나는 농도를 맞추기 좀 어렵다\n하시는 분 드리면 전분 1 : 물 2를 넣어\n만들어 사용하면 조금 더 편할 수 있어요^^', 'image_url': 'https://recipe1.ezmember.co.kr/cache/recipe/2017/01/16/99cd8039e71dc30514ce4f52ee88e4f71.jpg'}, {'step_number': 4, 'description': '다음으로 소스를 만들어 놓습니다\n간장 2수저, 설탕 3수저, 식초 3수저에\n물 1컵을 넣어 잘 섞어 만들어 놓습니다', 'image_url': 'https://recipe1.ezmember.co.kr/cache/recipe/2017/01/16/39307637beebb071db998124990206911.jpg'}, {'step_number': 5, 'description': '모든 재료를 준비하는 동안 고기 숙성이 끝났어요\n이제 양념했던 고기에 계란 흰자 1수저와\n카놀라유 1수저 그리고 전분 2수저 찹쌀가루 2수저를 넣어', 'image_url': 'https://recipe1.ezmember.co.kr/cache/recipe/2017/01/16/461270122a2a26a46c4473b8a0e7b83e1.jpg'}, {'step_number': 6, 'description': '튀김옷을 입혀줍니다\n손바닥으로 살짝 끈적이는 정도면\n알맞은 반죽인데 밖에서 먹는 것처럼\n튀김옷을 두툼하게 하고 싶다면 좀 더 묽게\n만들어 더만은 비율을 넣으시면 됩니다', 'image_url': 'https://recipe1.ezmember.co.kr/cache/recipe/2017/01/16/56ca3d5d91752fd76c00c416b6b2d8e61.jpg'}, {'step_number': 7, 'description': '이제 튀겨주어야 하는데\n기름의 온도는 160~170도 사이에서\n바삭하게 튀겨줄 거예요\n저처럼 온도계가 있으면 사용하시고 없으면\n나무젓가락을 넣어 기포가 올라오는 것으로\n확인할 수 있으며 또 부스러기를 넣어\n가라앉자 바로 올라오는 정도면 비슷한\n온도를 확인할 수 있어요~', 'image_url': 'https://recipe1.ezmember.co.kr/cache/recipe/2017/01/16/4a98105a925665584b886f077fdbfd491.jpg'}, {'step_number': 8, 'description': '1차로 먼저 반죽한 고기를 80% 정도만 튀겨 기름이 빠질 수 있도록 한 김 식혀 준 다음', 'image_url': 'https://recipe1.ezmember.co.kr/cache/recipe/2017/01/16/7198dde10ad2cec4a66058c9ffd488c51.jpg'}, {'step_number': 9, 'description': '어느 정도식은 것을 확인하고 2차로 다시 한번\n바삭하게 튀겨줍니다~ 1차로 튀겼을 때와 2차로 튀겼을 때의\n바삭함이 다르게 보이시죠\n2차로 튀길 때에는 조금 더 높은 기름의 온도에서\n좀 더 더 빠르게 튀겨주면 더 바삭해집니다', 'image_url': 'https://recipe1.ezmember.co.kr/cache/recipe/2017/01/16/990bc4ccf36632e4473cf5ad67f053001.jpg'}, {'step_number': 10, 'description': '고기를 다 튀겨놓고는 이제 소스를 만들어줍니다\n먼저 손질한 야채를 가볍게 먼저 살짝 볶아주고\n만들어놓았던 소스를 넣어 끓이다가\n만들어 놓은 물 녹말을 넣어 농도를 마쳐 야채가 익을 때까지 조금 더 끓여주면 완성^^', 'image_url': 'https://recipe1.ezmember.co.kr/cache/recipe/2017/01/16/c676d3984f3d3287631035ea746329391.jpg'}]"
42982,메인반찬,간식,돼지고기,튀김,탕수육 만들기. 이연복 탕수육 따라하기.,탕수육,"79,900",60분 이내,아무나,4인분,"[('물', '600ml'), ('간장', '100ml'), ('식초', '90ml'), ('설탕', '14T'), ('당근', ''), ('오이', ''), ('양파', ''), ('파프리카', ''), ('돼지고기 안심', '2근'), ('전분가루                                                                                고구마전분 : 옥수수전분 = 7:3', '20T'), ('식용유', '10T')]",휴일은 푹~~~ 쉬며 여유를 누릴 수 있을 것 같지만.. 절~~~대 그렇지 않다는 점... 휴일이 더 바쁘고 힘들다는 점... 지난번 돼지고기 안심을 세일할때 세근에 9천원에 사왔었죠.. 한근은 딱지맘마로 삶아서 냉동실에 있고.. 두근은 탕수육을 만들어 먹기로 했습니다.,"[{'step_number': 1, 'description': '고기는 비계를 떼어내고 힘줄을 제거하고 손가락 크기정도로 썰어줍니다.', 'image_url': 'https://recipe1.ezmember.co.kr/cache/recipe/2017/03/03/3463c685351601be89272dd7a8bf7cae1.jpg'}, {'step_number': 2, 'description': '고기에는 소금과 후추로 밑간을 해 줍니다.\n튀김가루를 사용하지 않고 전분가루를 사용할 거라 간이 전~~혀 안되죠..', 'image_url': 'https://recipe1.ezmember.co.kr/cache/recipe/2017/03/03/83ea0b1ca1587dd1bd789f9b71ea5ef91.jpg'}, {'step_number': 3, 'description': '저는 양이 많아 전분가루를 20T 준비했습니다. 물을 붓고 전분가루를 불려줍니다. 이때 붓는 물의 양은 중요치 않아요. 어차피 따라 버릴거거든요.. \n전분가루를 물을 넣고 휘휘 저어 섞어준 후 가만히 내버려 두고 삼십분쯤 후에 물과 전분가루가 분리된 걸 확인 할 수 있을거에요. 물을 따라내 버립니다.', 'image_url': 'https://recipe1.ezmember.co.kr/cache/recipe/2017/03/03/51406735995e8af22ed04046b2833a4e1.jpg'}, {'step_number': 4, 'description': '그럼 아랫쪽에 가라앉은 전분가루만 남아요. 딱딱하게 가라앉아 있죠..\n손으로 뜯어보면 요렇게 덩어리덩어리 부숴집니다.', 'image_url': 'https://recipe1.ezmember.co.kr/cache/recipe/2017/03/03/d68ce24abb4be739b3425d5eff18614d1.jpg'}, {'step_number': 5, 'description': '식용유를 부어줄거에요. 저는 식용유 10T를 넣었어요. 식용유를 넣어서 반죽을 해 보며 조절하세요. 마요네즈나 연유같은 느낌이 나면 된겁니다.', 'image_url': 'https://recipe1.ezmember.co.kr/cache/recipe/2017/03/03/fafcbf066b0660aed4b304e1c5ddcfec1.jpg'}, {'step_number': 6, 'description': '준비 된 고기를 전분가루에 넣고 섞어주세요. 생각보다 잘 섞이니 걱정하지 마세요. 전분가루가 많이도 적게도 묻지 않고 적당히 묻어요.', 'image_url': 'https://recipe1.ezmember.co.kr/cache/recipe/2017/03/03/a8338a21ecddaa4d22f870b081c289751.jpg'}, {'step_number': 7, 'description': '하나씩 끓인 기름에 넣어주고 튀기면 되는거죠..', 'image_url': 'https://recipe1.ezmember.co.kr/cache/recipe/2017/03/03/77fbda029de78e31f6e18ef4e61917991.jpg'}, {'step_number': 8, 'description': '튀기면서 하나씩 들어보면 살짝 전분때문에 붙는 느낌이 있는데요\n탁탁 쳐주면 떨어지니 걱정안해도 됩니다.', 'image_url': 'https://recipe1.ezmember.co.kr/cache/recipe/2017/03/03/765e204251c9fa0190db56f3929a35d91.jpg'}, {'step_number': 9, 'description': '한번 더 튀길거기 때문에 너무 많이 튀기지 않고 고기가 익을 정도로만 튀겨줍니다.', 'image_url': 'https://recipe1.ezmember.co.kr/cache/recipe/2017/03/03/b089530c1ec4442956d670817dded7071.jpg'}, {'step_number': 10, 'description': '이제 소스를 준비해 보아요. 채소는 여러가지가 있으면 좋겠지만 집에 남아있는게 양파와 당근뿐이네요. 냉동실에 있는 브로콜리도 넣어주었어요.\n물600미리, 간장100미리, 식초90미리, 설탕14T 넣고 끓이다가 채소를 넣어 익었다면 전분물을 넣어 마무리하면 됩니다.', 'image_url': 'https://recipe1.ezmember.co.kr/cache/recipe/2017/03/03/1c14b2f82859a6f680f3a6c670b81b7c1.jpg'}, {'step_number': 11, 'description': '저는 칵테일새우와 살짝 매콤한게 좋아 청양고추도 씨를 제거하고 반만 잘라 세개 넣어주었어요.', 'image_url': 'https://recipe1.ezmember.co.kr/cache/recipe/2017/03/03/d50c6476b5a199f1393f93ad5b90da061.jpg'}, {'step_number': 12, 'description': '전분가루는 두스푼 물에 풀어 넣어줍니다.', 'image_url': 'https://recipe1.ezmember.co.kr/cache/recipe/2017/03/03/d90af14a7653ea1db1931d0a6b7bbbc21.jpg'}, {'step_number': 13, 'description': '그럼 살짝 걸쭉해 진거 보이시죠? 너~무 걸쭉한 소스는 별로 좋아하지 않아서요. 적당히 살짝만 걸쭉한게 좋아요.', 'image_url': 'https://recipe1.ezmember.co.kr/cache/recipe/2017/03/03/eaa2c3ad578f9b4a5727b6e630dc8e661.jpg'}, {'step_number': 14, 'description': '이제 한번 더 높은 온도에서 튀겨줍니다.', 'image_url': 'https://recipe1.ezmember.co.kr/cache/recipe/2017/03/03/45643f22b1da8048bf7a57f1452446fb1.jpg'}, {'step_number': 15, 'description': '맛있는 탕수육이 완성되었습니다.', 'image_url': 'https://recipe1.ezmember.co.kr/cache/recipe/2017/03/03/6806afde1e2e33a8f88f275f17f3c8a71.jpg'}]"
42983,메인반찬,간식,돼지고기,튀김,바삭바삭 브로콜리 가브리살탕수♩~ /탕수육만드는법/탕수육소스 만드는법/,탕수육,"7,540",30분 이내,아무나,3인분,"[('가브릿살', '350g'), ('브로콜리', '30g'), ('양파', '1개'), ('오이', '1/2개'), ('양송이버섯', '2개'), ('완두콩', '약간'), ('마늘', '5개'), ('스위트콘', '약간'), ('간장', '3T'), ('식초', '9T'), ('설탕', '9T'), ('물', '12T')]","안녕하세요

오늘은 가브릿살과 브로콜리가 주재료가되어 탕수육을 만들어 보았습니다.

이름은 브로콜리 가브리살탕수로 정했구요.

소스도 일반 탕수육소스에 생크림을 조금 넣어주어 부드러운맛을 더해주었습니다.

고기도 가브리살을 넣어 부드러우면서도 쫄깃하게 만들어 주었습니다.

브로콜리도 바삭하게 먹으니 색다르고 정말 맛있었구요~



바삭한 탕수육과 보로콜리튀김

뭐 탕수육도 쫄깃하고 맛있었찌만

브로콜리를 이렇게 색다르게 해먹으니 또 별미더라구요.

브로콜리를 싫어하는 사람들도 잘먹겠다 싶었습니다.","[{'step_number': 1, 'description': '재료 준비해주세요~', 'image_url': 'https://recipe1.ezmember.co.kr/cache/recipe/2017/10/05/6a77e648f1b9a1fbf8346357c88716b41.jpg'}, {'step_number': 2, 'description': '가브리살은 원래 길죽하게 나오더라구요\n그래서 넓이만 먹기좋게 반으로 잘라주었습니다.', 'image_url': 'https://recipe1.ezmember.co.kr/cache/recipe/2017/10/05/1b34a61b1d033d38e2ac1bc033cf54f91.jpg'}, {'step_number': 3, 'description': '양파는 1.5cm크기정도의 주사위모양으로 썰어주세요.\n길이는 굳이맞추실 필요는 없습니다.\n그냥 항상 먹기좋은 크기로 잘라주시면 됩니다.~', 'image_url': 'https://recipe1.ezmember.co.kr/cache/recipe/2017/10/05/cc3f8eb66799cfaab5e3a21781d488181.jpg'}, {'step_number': 4, 'description': '오이는 사진처럼 어슷써시면 되구요\n마늘 ,양송이 편썰어 주세요.\n브로콜리는 삶는 소금물에 1-2분가량 대쳐줍니다.', 'image_url': 'https://recipe1.ezmember.co.kr/cache/recipe/2017/10/05/1097018ef7e69ee063ba3a377d71fabd1.jpg'}, {'step_number': 5, 'description': '대친뒤 찬물에 빠르게 식혀주세요 그리고 물기 빼준뒤 먹기좋게 썰어서 준비해주세요.', 'image_url': 'https://recipe1.ezmember.co.kr/cache/recipe/2017/10/05/f180a8cbb271674e94ab110802f6ec431.jpg'}, {'step_number': 6, 'description': '가장 중요한 튀김옷이죠\n저는 전분가루 2 튀김가루 2 로해가지고\n물조금씩 넣어가면 놓도를 맛추는데요\n농도는 달걀 흰자보다 살짝 묽게 만들어 줍니다.\n소금간 살짝 해주시구요.', 'image_url': 'https://recipe1.ezmember.co.kr/cache/recipe/2017/10/05/9db7ce5ffd1daea47386965cae8d94a81.jpg'}, {'step_number': 7, 'description': '이제 튀길차레인데요~\n카놀라유가 가장 튀김에 적합하답니다카놀라유는\n\n 이미(異未), 이취(異臭)가 없으며 담백한 풍미를 가지고 있으므로 샐러드유로 많이 이용되며, 낮은 온도에서 잘 응결되지 않고, 빛에 영향을 잘 받지 않는 성질이 있다. 튀김을 하면 오랫동안 바삭바삭한 기운을 유지하고, 산화안정성 및 가열안정성이 매우 우수하다.\n\n\n\n한번튀기신 다음 온도좀 높여서 한번더 빠르게 튀겨줍니다.\n\n바삭함과 지속성이두배가 된답니다~', 'image_url': 'https://recipe1.ezmember.co.kr/cache/recipe/2017/10/05/249c45512c8462d3010d8a67b357e14c1.jpg'}, {'step_number': 8, 'description': '노릇노릇 고루 속까지 잘익혀서 튀겨주세요.중간에 튀기다가 한번 건져내어 공기를 씌어 준다음 한번더 튀기면 바삭함의 지속성이 훨신 오래간답니다.', 'image_url': 'https://recipe1.ezmember.co.kr/cache/recipe/2017/10/05/49162bd313aac2a0cf6d4888f3e821631.jpg'}, {'step_number': 9, 'description': '이번엔 가장중요하다고 할수있는 소스를 만들어 보겠습니다.\n간장1\n식초3\n설탕3\n물 4\n비율입니다~\n이렇게만 하시면 맛있는 탕수육소스 만들수있습니다', 'image_url': 'https://recipe1.ezmember.co.kr/cache/recipe/2017/10/05/bd8025ead9d510feea4b09b56c7a11891.jpg'}, {'step_number': 10, 'description': '저는 생크림 더해주었습니다.\n흔이 아는 탕수육 소스에 부드러움이 더해졌습니다. \n호불호가 갈리는 맛이었습니다.\n안넣는게 깔끔하고 더맛있는듯 하네요.\n나머지 야채들 넣고 푹 익혀줍니다.\n그럼 마지막에 녹말물(녹말가루1 + 물1)\n넣고 끈적하게 해주면 완성입니다', 'image_url': 'https://recipe1.ezmember.co.kr/cache/recipe/2017/10/05/296fc9424a5529bc38e3c7424eb3a0cd1.jpg'}, {'step_number': 11, 'description': '그릇에 탕수육과 브로콜리 가지런히 담아주세요~', 'image_url': 'https://recipe1.ezmember.co.kr/cache/recipe/2017/10/05/c66939d8358cfeb297075092344221601.jpg'}, {'step_number': 12, 'description': '부먹족이면 부어드시고 찍먹족이면 찍어드세요~', 'image_url': 'https://recipe1.ezmember.co.kr/cache/recipe/2017/10/05/fda56234686cc72383041f0a3f26d86d1.jpg'}]"
42984,메인반찬,간식,돼지고기,튀김,찹쌀탕수육 만드는법/탕수육소스 만들기 ♬,찹쌀탕수육,"77,883",60분 이내,초급,2인분,"[('돼지고기등심', '300g'), ('소금', ''), ('후추', ''), ('간장', ''), ('찹쌀가루', '1컵'), ('감자전분 + 옥수수전분', '1컵'), ('물', '2컵'), ('달걀 흰자', '1개'), ('식용유', '1T'), ('물', '2컵'), ('설탕', '1/2컵'), ('식초', '4T'), ('간장', '3T'), ('물전분', ''), ('파인애플통조림', '2쪽'), ('당근', '1/4개'), ('양파', '1/4개'), ('파프리카', '1/4개'), ('새송이버섯', '1/2개')]",쫀득하고 바삭한특징을 갖고있는 찹쌀탕수육!,"[{'step_number': 1, 'description': '돼지고기와 소스에들어갈 채소들을 손질해주세요.', 'image_url': 'https://recipe1.ezmember.co.kr/cache/recipe/2015/12/09/4f0edfe5697a7d56c823dbd96aeb900f1.jpg'}, {'step_number': 2, 'description': '손질한 돼지등심에 소금,후추,간장을 약간씩넣어서 밑간을해주세요', 'image_url': 'https://recipe1.ezmember.co.kr/cache/recipe/2015/12/09/0d99318e12fdbc1f7ad108fd1dd94b5f1.jpg'}, {'step_number': 3, 'description': '찹쌀가루와 전분을 1:1로 넣어주세요.', 'image_url': 'https://recipe1.ezmember.co.kr/cache/recipe/2015/12/09/07bf42e7d620fbe0f862bba3fd0015761.jpg'}, {'step_number': 4, 'description': '물을넣어 주르르흐르는농도정도로 맞춰주세요', 'image_url': 'https://recipe1.ezmember.co.kr/cache/recipe/2015/12/09/59e2d76fc9b2eb6288cb212d154063d91.jpg'}, {'step_number': 5, 'description': '계란흰자 1개 식용유를 넣어주세요.', 'image_url': 'https://recipe1.ezmember.co.kr/cache/recipe/2015/12/09/a6c9b6709b62e2e1355661cac67de4041.jpg'}, {'step_number': 6, 'description': '반죽에다가 돼지고기를 넣어버무려주세요', 'image_url': 'https://recipe1.ezmember.co.kr/cache/recipe/2015/12/09/a8891b8504c91b578ecbd6ab8dd9b4c51.jpg'}, {'step_number': 7, 'description': '기름을 175~185도로 올린다음에 한개씩넣어서 튀겨주세요', 'image_url': 'https://recipe1.ezmember.co.kr/cache/recipe/2015/12/09/4f9a664519efc0981b31f9a5bc7d743d1.jpg'}, {'step_number': 8, 'description': '노릇노릇 튀겨지면 돼지고기를 건져주세요', 'image_url': 'https://recipe1.ezmember.co.kr/cache/recipe/2015/12/09/b753c0d77891f9e90a03991048d495641.jpg'}, {'step_number': 9, 'description': '물과설탕,간장을넣어서끓여주세요', 'image_url': 'https://recipe1.ezmember.co.kr/cache/recipe/2015/12/09/cda23cd3d074f7c1f56930cbedda09211.jpg'}, {'step_number': 10, 'description': '소스속야채들을넣고서 3분정도 끓여주세요', 'image_url': 'https://recipe1.ezmember.co.kr/cache/recipe/2015/12/09/a33c9c47811f54e8549d784dc7d12d651.jpg'}, {'step_number': 11, 'description': '물과전분가루를 1:1로섞어서 물전분을 준비해주세요', 'image_url': 'https://recipe1.ezmember.co.kr/cache/recipe/2015/12/09/747bbacb9bfe388cccc60b516f48316f1.jpg'}, {'step_number': 12, 'description': '소스에 물전분을 부어서 농도를 잡은뒤에 식초를 넣어주세요.', 'image_url': 'https://recipe1.ezmember.co.kr/cache/recipe/2015/12/09/de9190791a806e47f7aed2e61059499d1.jpg'}]"
42985,메인반찬,간식,돼지고기,튀김,"맛있는 수제찹쌀탕수육 만들기, 탕수육소스 만드는법 포함!",찹쌀탕수육,"73,882",60분 이내,초급,6인분 이상,"[('찹쌀가루', '1컵'), ('감자전분', '2컵'), ('탕수육용 돼지고기', '700g'), ('계란흰자', '2개'), ('생수', '5컵'), ('식용유', ''), ('버섯', ''), ('파프리카', ''), ('목이버섯', ''), ('파인애플', ''), ('당근', ''), ('양배추', ''), ('사과', ''), ('양파', ''), ('간장', ''), ('식초', ''), ('설탕', ''), ('전분가루', '')]","신랑이 크리스마스 때 만들어준 탕수육,
맛있었지만 소스가 살짝 아쉬웠거든요.
그래서 이번에는 쏘지새댁이 만들어봤어요!","[{'step_number': 1, 'description': '감자전분과 찹쌀가루를 2:1 비율,\n계란 흰자 2개를 넣은 후 물을 넣어주세요! 쏘지새댁은 종이컵 기준 감자전분 2, 찹쌀가루1, 물 5컵 정도 넣었어요. 반죽은 덩어리 생기지 않도록 잘 저어주세요. 너무 물이 많지도 않고 뻑뻑하지도 않게 해 주셔야해요.', 'image_url': 'https://recipe1.ezmember.co.kr/cache/recipe/2016/02/22/273f70b5a9bcdba0f43f12f6f5f91bd71.jpg'}, {'step_number': 2, 'description': '고기는 흐르는 물에 살짝 헹궈주세요. 물기는 최대한 제거 해 주세요! 돼지고기의 안심부분을 이요애서 만들었어요. 고기에 따로 간하지는 않았어요.', 'image_url': 'https://recipe1.ezmember.co.kr/cache/recipe/2016/02/22/518f97cc2c2ad1712f685617093b8bac1.jpg'}, {'step_number': 3, 'description': '고기를 찹쌀가루에 가볍게 범벅 시킨다음 찹쌀가루+감자전분+흰자 반죽에 넣어서 찹쌀감자전분 반죽을 묻혀 주세요!', 'image_url': 'https://recipe1.ezmember.co.kr/cache/recipe/2016/02/22/2b99bb118dcef2502c0acb0dfcf7b3d71.jpg'}, {'step_number': 4, 'description': '끓는 기름에 찹쌀감자전분 반죽을 살짝 떨어뜨린 후 둥둥 떠오르면 그때 고기반죽을 묻혀서 넣어주세요! 익으면 둥둥 위로 떠올라요. 위에 떠오르고 3분정도 더 튀긴다음 건져 주세요! ㅋㅋㅋㅋ', 'image_url': 'https://recipe1.ezmember.co.kr/cache/recipe/2016/02/22/fec26f92f825a1dfcd763109b60efbc31.jpg'}, {'step_number': 5, 'description': '불순물은 채에 한번 걸러주세요. 그래야 깨끗하게 튀겨진답니다.', 'image_url': 'https://recipe1.ezmember.co.kr/cache/recipe/2016/02/22/18a4617dd67e3c7aa084125f7d1376331.jpg'}, {'step_number': 6, 'description': '처음 튀긴 탕수육 완성! \n쏘지새댁은 2번 튀겼어요. 찹쌀감자전분 가득 묻혀서 한번에 튀겨내도 되지만 2번 튀기면 더 맛있다고 해서 찹쌀감자전분을 2번 묻혀서 튀겨 냈어요!', 'image_url': 'https://recipe1.ezmember.co.kr/cache/recipe/2016/02/22/78bb6d96b6e6fd110af16e08bb0c40bc1.jpg'}, {'step_number': 7, 'description': '한번 튀겨낸 고기에 전분을 한번 더 묻혀서 바삭바삭 쫄깃쫄깃한 찹쌀 탕수육 고기 튀김 만들기! 한번 더 묻혀서 튀겨내니깐 고기 튀김 두께도 적당하고 맛도 더 좋았어요~', 'image_url': 'https://recipe1.ezmember.co.kr/cache/recipe/2016/02/22/96b40bb65a217ed94047da64a5c24ec11.jpg'}, {'step_number': 8, 'description': '찹쌀탕수육 고기튀김 완성 ♥', 'image_url': 'https://recipe1.ezmember.co.kr/cache/recipe/2016/02/22/1f5dff191f405108a911700ba5bfb25d1.jpg'}, {'step_number': 9, 'description': '왼쪽: 한 번 튀긴 후 사진\n오른쪽: 두번 튀긴 후 사진\n확실히 다르죠??? 오른쪽 사진이 오동통 바삭하니 더 맛나보여요! ㅎㅎㅎ', 'image_url': 'https://recipe1.ezmember.co.kr/cache/recipe/2016/02/22/92a547a08d98c6cf9bc991844a0bbe401.jpg'}, {'step_number': 10, 'description': '집에 있는 야채들로 만들었어요. 양파가 없었지만 파프리카로 대신하기로~ 후르츠 칵테일 통조림 대신 사과와 파인애플로!^^ 탕수육 소스 만드는법은 간단해요~', 'image_url': 'https://recipe1.ezmember.co.kr/cache/recipe/2016/02/22/8c067f6145ef311be65f9a9ac35284591.jpg'}, {'step_number': 11, 'description': '식소/간장/설탕/물/전분풀어서 넣기~ \n식초4T, 양조간장 3T, 설탕 가득가득 물450ml 정도 넣어주세요. (밥숟가락 기준으로 가득 넣어주세요.)\n전분 종이컵 반컵 정도 넣고 물도 종이컵 한컵(한컵반)정도 넣어서 그릇에 따로 섞은 다음 냄비에 부어주세요.', 'image_url': 'https://recipe1.ezmember.co.kr/cache/recipe/2016/02/22/43ddfed7306a70187716fa783dbbdf701.jpg'}, {'step_number': 12, 'description': '준비했던 야채들 가득 넣어서 함께 섞어주면 완성! 탕수육 소스 만드는법 정말 쉽죠? 소스가 묵다 싶으면 전분가루를 더 풀어서 넣고, 아무 맛이 안난다 싶으면 간장을 조금 더 넣고 그래도 맹맹하다 싶으면 설탕을 가득 넣어주세요~~', 'image_url': 'https://recipe1.ezmember.co.kr/cache/recipe/2016/02/22/da2e2dbf92ad5fe5c49a745269f9d07e1.jpg'}]"
42986,메인반찬,간식,돼지고기,튀김,바삭한 튀김옷 만들기 탕수육 만드는 법,탕수육,"7,878",30분 이내,아무나,4인분,"[('돼지고기 안심', '2근'), ('튀김가루', '1.5종이컵'), ('옥수수전분', '1.5종이컵'), ('감자전분', '1.5종이컵'), ('계란', '10개'), ('물', '30ml'), ('소금', '1/2스푼'), ('후추', '1/2스푼'), ('식용유', '500ml')]","탕수육 시킴 왜이리 양이 적은지.. 물가가 오른 게 실감 나는 거 같아요. 원래 튀김은 사 먹는 게 제일 좋긴하지만 집에서 만들면 수고스럽지만 가성비적으로 너무 좋아요. 오늘의 요리 "" 바삭한 탕수육"" 만들어보아요.

​","[{'step_number': 1, 'description': '바삭한 튀김옷을 만들려면 튀김가루 외에도 옥수수전분과 감자 전분이 필요해요. 튀김옷만으로는 맛있는 튀김옷을 만들기에는 부족해요. 튀김가루만 사용해서 튀겨봤는데 생각보다 튀김이 맛있지는 않았어요.튀김가루, 옥수수전분, 감자전부', 'image_url': 'https://recipe1.ezmember.co.kr/cache/recipe/2023/06/05/4fea22d73de92e4e63f9a5807f68c3bf1.jpg'}, {'step_number': 2, 'description': '튀김가루 : 옥수수전분 : 감자 전분 = 1 : 1 : 1', 'image_url': 'https://recipe1.ezmember.co.kr/cache/recipe/2023/06/05/3c5605e5513d973c81db2a46c9125c741.jpg'}, {'step_number': 3, 'description': '계란의 비율은?\n계란 3개 + 흰 자만 7개 준비해요.계란 10개', 'image_url': 'https://recipe1.ezmember.co.kr/cache/recipe/2023/06/05/463dc82c6acdb2bdd29e3df52703673f1.jpg'}, {'step_number': 4, 'description': '튀김가루, 감자전분, 옥수수전분, 계란 3개, 계란 흰자 7개를 잘 섞어요. 농도는 주르륵 흐르는 정도가 좋아요.', 'image_url': 'https://recipe1.ezmember.co.kr/cache/recipe/2023/06/05/e57cb35272406a47b27ef4a2f4fe5b7e1.jpg'}, {'step_number': 5, 'description': '혹시 너무 농도가 진하면 물을 조금 넣어요. 물 계량은 계란껍데기 반정도 채워주면 좋아요. 반죽물이 주르륵 흐른다면 물 추가는 필요없어요.', 'image_url': 'https://recipe1.ezmember.co.kr/cache/recipe/2023/06/05/686556f02db02b546dbb683f491375f11.jpg'}, {'step_number': 6, 'description': '돼지고기 안심에 소금 반 스푼, 후추 반 스푼 넣고 조물조물해요.돼지고기 안심, 소금, 후추돼지고기 안심을 준비하는데 정육점에서 덩어리로 사면 더 저렴하지만 직접 썰기 힘드니 잘라 구입하는 게 편해요.\n\n\u200b', 'image_url': 'https://recipe1.ezmember.co.kr/cache/recipe/2023/06/05/b33e6a520e11e3d128e0170a3e7cff181.jpg'}, {'step_number': 7, 'description': '15분 정도 숙성을 시킨 후 반죽 물에 잘 섞어요.', 'image_url': 'https://recipe1.ezmember.co.kr/cache/recipe/2023/06/05/3a303505d0ddadc4f9783fa4366665ae1.jpg'}, {'step_number': 8, 'description': '웍에 식용유는 넉넉하게 채워요.식용유웍 (튀김기)중불 이상 튀김용 식용유는 옥수수 식용유가 제일 바삭하게 튀겨지긴 해요. 다음에 재사용 가능하니 웍 반 정도는 꼭 채운 후 온도 체크는 반죽물을 조금 떨어뜨렸을 때 튀김옷이 올라오면 튀김 준비 완료!!!', 'image_url': 'https://recipe1.ezmember.co.kr/cache/recipe/2023/06/05/8e478490ac79a3157361b0f9760066fe1.jpg'}, {'step_number': 9, 'description': '튀김은 무조건 두번은 튀겨야 맛있어요. 한번 튀긴 탕수육!!', 'image_url': 'https://recipe1.ezmember.co.kr/cache/recipe/2023/06/05/030364a9fd0794d5042e6bbab27d65221.jpg'}, {'step_number': 10, 'description': '두번 튀기니 더 노릇한게 맛있어 보이죠?\n기름을 한번 빼고 먹는게 좋아요.', 'image_url': 'https://recipe1.ezmember.co.kr/cache/recipe/2023/06/05/b279c07457d31e5822af0d2ac5c0af9d1.jpg'}, {'step_number': 11, 'description': '소스는 식초간장에서 콕콕 찍어 먹어요. 단백한 탕수육의 맛을 느낄 수 있어요.', 'image_url': 'https://recipe1.ezmember.co.kr/cache/recipe/2023/06/05/44b74d54a939d904708a969c34cb260b1.jpg'}]"
42987,메인반찬,간식,돼지고기,튀김,♠ 엄마표 돈까스 ♠,None,"5,076",None,None,None,[],,[]
42988,메인반찬,간식,돼지고기,튀김,"남은 탕수육 매콤한 소스입혀 맛있게 먹는법,",탕수육,"9,974",15분 이내,아무나,1인분,"[('남은탕수육', ''), ('탕수육소스', ''), ('청양고추', '1개'), ('칠리소스', '2숟갈')]",남은 탕수육 맛있게 먹고 싶어 만들었어요~,"[{'step_number': 1, 'description': '배달탕수육을 시켜먹고 남은 탕수육과 소스예요~\n여기에 저는 청양고추와 칠리소스를 더해줄텐데요, \n청양고추는 총총 썰어 준비해 주세요~', 'image_url': 'https://recipe1.ezmember.co.kr/cache/recipe/2018/04/10/52bcfe13942d964ad1d275477a2eddfd1.jpg'}, {'step_number': 2, 'description': '남은 탕수육은 후라이팬에서 기름없이 구워줄거예요, \n너무 센불에서 데우면 탈수 있으니 약불에서 앞뒤로 돌려가며 노릇노릇 구워줍니다,', 'image_url': 'https://recipe1.ezmember.co.kr/cache/recipe/2018/04/10/50c956fa04f032f153dbc477f552fae71.jpg'}, {'step_number': 3, 'description': '전 후라이팬 한쪽으로 몰아놓고 소스를 변신시킬텐데요~\n소스그릇에 청양고추랑 칠리소스를 섞어서 후라이팬 한쪽에서 끓여주셔도 되고 저처럼 하셔도 됩니다~', 'image_url': 'https://recipe1.ezmember.co.kr/cache/recipe/2018/04/10/03d068008afad690769a468615207a311.jpg'}, {'step_number': 4, 'description': '잘저어서 소스를 데워주세요~', 'image_url': 'https://recipe1.ezmember.co.kr/cache/recipe/2018/04/10/1a0d2f41e85cc8c415820174c141d6561.jpg'}, {'step_number': 5, 'description': '노릇노릇 구워서 데워놓은 탕수육과 섞어주시는데요,', 'image_url': 'https://recipe1.ezmember.co.kr/cache/recipe/2018/04/10/5db13c489e8542eacc00bc44b95c40cf1.jpg'}, {'step_number': 6, 'description': '양념이 잘 묻도록 뒤적뒤적 살짝만 해주신뒤, \n불을 꺼주시면 됩니다,', 'image_url': 'https://recipe1.ezmember.co.kr/cache/recipe/2018/04/10/84b45d7b3ea5b84930d9121fccf1b29d1.jpg'}]"
42989,메인반찬,간식,돼지고기,튀김,가지탕수육 & 돼지고기 탕수육,가지탕수육,"14,507",60분 이내,아무나,3인분,"[('돼지고기', ''), ('가지', '2개'), ('튀김가루', ''), ('당근', '1개'), ('파프리카', '1~2개'), ('양파', '1개'), ('파', '1/2대'), ('전분', ''), ('물', ''), ('달걀', '1개'), ('우유', ''), ('식초', '8큰술'), ('설탕', '8큰술'), ('간장', '2큰술'), ('케첩', '4큰술'), ('물', '4큰술')]","가지와 돼지고기로 쉽게 탕수육 만들기
가지나 돼지고기 한가지만 만드셔도 됩니다 ~","[{'step_number': 1, 'description': '돼지고기는 원하시는 부위로 준비한 뒤, 우유에 재워두세요.', 'image_url': 'https://recipe1.ezmember.co.kr/cache/recipe/2018/02/13/a65c1de3215c58e4b28dda2c3a0617701.jpg'}, {'step_number': 2, 'description': '가지는 씻어 먹기 좋게 자른 뒤, 체에 받쳐 물기를 빼 준비해주세요.', 'image_url': 'https://recipe1.ezmember.co.kr/cache/recipe/2018/02/13/df7fce0b07a6c0e183c3ac0b6a4acaf21.jpg'}, {'step_number': 3, 'description': '식초8큰술, 설탕8큰술, 간장2큰술, 케첩4큰술, 물4큰술을 넣어 탕수육 양념장을 미리 준비해둘게요~.', 'image_url': 'https://recipe1.ezmember.co.kr/cache/recipe/2018/02/13/b05cbed9d83037b02ed757688b06ef501.jpg'}, {'step_number': 4, 'description': '탕수육 소스에 들어갈 당근, 양차, 파프리카, 대파는 적당량으로 원하는 크기, 모양으로 썰어 준비해주세요.', 'image_url': 'https://recipe1.ezmember.co.kr/cache/recipe/2018/02/13/226e1c0b76e4c4d28c915c5cc9d956361.jpg'}, {'step_number': 5, 'description': '봉지에 튀김가루를 적당히 넣고, 가지를 넣어 튀김가루를 고루 묻혀주세요.', 'image_url': 'https://recipe1.ezmember.co.kr/cache/recipe/2018/02/13/9269e028d048621dacdb7e4084bcf44a1.jpg'}, {'step_number': 6, 'description': '돼지고기는 볼에 튀김가루를 넣어 고루 묻혀주었어요.', 'image_url': 'https://recipe1.ezmember.co.kr/cache/recipe/2018/02/13/705c694b7583890248f86db71019122c1.jpg'}, {'step_number': 7, 'description': '사진에는 없지만 튀김 옷을 준비해주세요~ \n전분 종이컵으로 2컵, 물 2컵, 계란 1개를 풀어 잘 섞은 뒤, 튀김옷을 입힌 가지와 고기를 튀기기 전 입힌 뒤에 튀겨주세요!', 'image_url': None}, {'step_number': 8, 'description': '예열해놓은 기름에 가지를 먼저 넣고 노릇한 색이 나올때까지 튀겨주세요.\n(두번씩 튀기면 더 바삭하고 노릇하지만 전 시간관계상 한번에 10분정도씩 튀겨줬어요)', 'image_url': 'https://recipe1.ezmember.co.kr/cache/recipe/2018/02/13/c629da44d39faf4b823b7811d7bb5e3d1.jpg'}, {'step_number': 9, 'description': '돼지고기도 같은 방법으로 튀김옷 입히고 튀겨주세요.', 'image_url': 'https://recipe1.ezmember.co.kr/cache/recipe/2018/02/13/23e5e72a83022d7273257f4747dd305c1.jpg'}, {'step_number': 10, 'description': '튀긴 가지와 돼지고기를 건져 내 기름을 빼주세요.', 'image_url': 'https://recipe1.ezmember.co.kr/cache/recipe/2018/02/13/84e0cb30efb0826cb67e001f382c55a31.jpg'}, {'step_number': 11, 'description': '아까 썰어 둔 파를 기름에 볶으며 파의 향이 올라오면', 'image_url': 'https://recipe1.ezmember.co.kr/cache/recipe/2018/02/13/e4fc58e9c5ef48566dd59e777a081f961.jpg'}, {'step_number': 12, 'description': '양파, 당근을 넣어 볶아주세요.', 'image_url': 'https://recipe1.ezmember.co.kr/cache/recipe/2018/02/13/973785f4f339879b1e4f2957bbf6f8f91.jpg'}, {'step_number': 13, 'description': '양파가 얼핏 익었다싶을때, 파프리카와 미리 만들어놓은 탕수육 양념장을 넣어 끓여주세요.', 'image_url': 'https://recipe1.ezmember.co.kr/cache/recipe/2018/02/13/08de8525bf342734377dff66949071291.jpg'}, {'step_number': 14, 'description': '소주컵으로 전분 : 물 = 1 : 1 비율로 1컵씩 넣어 잘 섞어준비합니다.', 'image_url': 'https://recipe1.ezmember.co.kr/cache/recipe/2018/02/13/5938346b261ab9749018b191977092811.jpg'}, {'step_number': 15, 'description': '위의 전분물을 한번에 다 넣지말고 조금씩 넣어주며 점도를 확인하면서 섞어줍니다. 원하시는 점도가 나오시면 끝이에요.', 'image_url': 'https://recipe1.ezmember.co.kr/cache/recipe/2018/02/13/fbda7d48b0f65dee083be0acfc2749141.jpg'}, {'step_number': 16, 'description': '끝 .', 'image_url': 'https://recipe1.ezmember.co.kr/cache/recipe/2018/02/13/13c764333c3c68502ff29ab13ae7f48a1.jpg'}]"
42990,메인반찬,간식,돼지고기,튀김,"바삭바삭, 과일 탕수육 만들기",과일탕수육,"149,400",30분 이내,중급,3인분,"[('돼지고기 안심', '500g'), ('양파', '1/2개'), ('사과', '1/2개'), ('귤', '1개'), ('파인애플 통조림', '1컵'), ('완두콩', '1/4컵'), ('녹말가루', '3큰술'), ('물', '3큰술'), ('달걀흰자', '1개'), ('맛술', '1큰술'), ('간장', '1큰술'), ('소금', '약간'), ('후춧가루', '약간'), ('녹말가루', '1컵'), ('찬물', '2컵'), ('간장', '4큰술'), ('식초', '7큰술'), ('설탕', '8큰술'), ('케첩', '1큰술'), ('물', '3컵')]",새콤달콤... 탕수육 소스가 매력적인.. 과일이 들어간.. 바삭바삭 과일 탕수육 만들기~~ ^^,"[{'step_number': 1, 'description': '먼저 탕수육 반죽에 들어갈... 뽀인트!! 바삭바삭한 탕수육의 비결... 첫번째~ ^^ 녹말가루(1컵)에 찬물(2컵)을 잘 풀어 섞어준 뒤 그대로 10분정도 두어 녹말이 가라앉도록 해요. 제일 먼저 이 작업을 해주신 뒤.. 따로 한켠에 두시면 되요.. ^^ 다른거 준비하다보면 금세 가라 앉아용~', 'image_url': 'https://recipe1.ezmember.co.kr/cache/recipe/2015/04/22/2e2600d30263477cd9acf6627763d3031.jpg'}, {'step_number': 2, 'description': '부드러운 돼지고기 안심(500g)을 준비했어요. 안심은 한입 크기로 먹기좋게 썰어주고요~ 저는 손가락 길이만큼 썰었지만... 튀길때 보면 모양이 뭐 들쑥 날쑥이라는~~ ^^ 모양 가리지 않고 너무 두껍지 않게만 손가락 굵기 정도로만 썰어주심 됨~ 안심 대신 등심도 가능해요. 기름기 없이만 준비해 주시면 됩니당~~', 'image_url': 'https://recipe1.ezmember.co.kr/cache/recipe/2015/04/22/196bad7f52d5a1eb23369fa4c5cfd2281.jpg'}, {'step_number': 3, 'description': '먹기좋게 썬 돼지 안심에 간장( 맛술( 소금, 후춧가루(약간)과.. 달걀 흰자(1개)를 넣고 손으로 조물조물 버무려 거품을 내고,', 'image_url': 'https://recipe1.ezmember.co.kr/cache/recipe/2015/04/22/b8c8b71c23f73d886541e4274e9240b51.jpg'}, {'step_number': 4, 'description': '짠~! 이런저런 재료 준비하다보니... 벌써 녹말 반죽이 가라 앉았어요.. 이렇게 보면 물과 녹말이 가라앉은 모습이 보이지용? 그럼 윗물은 모두 따라내어 버려주시고요.. 아래 가라앉은 녹말만 씁니다! ^^', 'image_url': 'https://recipe1.ezmember.co.kr/cache/recipe/2015/04/22/78f03635285c62a8e407a01be1cc82311.jpg'}, {'step_number': 5, 'description': '이렇게~~ 찐득찐득한 녹말 반죽만 써요~', 'image_url': 'https://recipe1.ezmember.co.kr/cache/recipe/2015/04/22/ea04be51071e85f87e896895810914e51.jpg'}, {'step_number': 6, 'description': '녹말에 밑간한 돼지고기를 넣고 버무려 반죽옷을 입히고, \n조금은 뻑뻑합니다. 그래도 녹말반죽이 잘 섞이도록 밑에서 위로 잘 섞어주세요.', 'image_url': 'https://recipe1.ezmember.co.kr/cache/recipe/2015/04/22/a36ddb917c2f1dbd9d252e23d01aa1071.jpg'}, {'step_number': 7, 'description': '그리고 180도 튀김 기름에 하나씩 잘 떼어 넣어 속까지 익히고요. 대략... 1분정도면 다 익는듯, 너무 타지 않게 불조절 해주시고요. 그리고 건져내서~ 다시 한번 더 180도 튀김 기름에 노릇하게 한번 더 튀겨내면 오케이. 튀김은 2번 튀겨내야 바삭바삭합니다.. ^^ 이것도 바삭바삭한 탕수육의 비결 ! ! 처음엔 속까지 익히고.. 두번째엔 센불에 재빨리 튀겨내 건져주시면 바삭바삭~', 'image_url': 'https://recipe1.ezmember.co.kr/cache/recipe/2015/04/22/663d2943165f6449ce7baf0b42ac76851.jpg'}, {'step_number': 8, 'description': '처음 사진은 첫번째 튀긴모습... 두번째 사진은 두번 튀긴 모습의... 탕수육~ ^^ 확실히 첫번째는 약간 바삭하지만 그래도 말랑한 느낌이 강했는데.. 한번 더 튀겨내니 완전 바삭하네영~~ \n튀기은 키친타올에 올려 놓는것보다.. 이렇게 망이 있으시면, 망 위에 올려 놓으시고,, 그 밑에 키친 타올을 두시면 수분이 생기지 않아 눅눅해질 염려 없고 바삭바삭~ ^^', 'image_url': 'https://recipe1.ezmember.co.kr/cache/recipe/2015/04/22/8a7b3a615fe774e221ac77e2207a82b11.jpg'}, {'step_number': 9, 'description': '그리고 탕수육 소스 만들기 재료. 저는 그냥 집에 있는 과일로 준비했어요. 양파, 사과, 귤, 파인애플, 완두콩 정도로~~ 듬성듬성 썰어 준비.', 'image_url': 'https://recipe1.ezmember.co.kr/cache/recipe/2015/04/22/0a3f635839df01539250d5a581eae9991.jpg'}, {'step_number': 10, 'description': '달군 팬에 기름( 두르고, 모든 과일과 재료를 넣어 볶다가... 탕수육 소스(재료소개에 있슴)를 부어 바글바글 끓어 오르면... 약 2~3분정도 끓여준 뒤, 녹말물', 'image_url': 'https://recipe1.ezmember.co.kr/cache/recipe/2015/04/22/7fe8ceeb7cb7bac04b4656e36d41aa3d1.jpg'}, {'step_number': 11, 'description': '탕수육 튀김이랑 소스랑 따로 준비했어요 저는~ \n근데 그냥 탕수육 소스 위.. 뿌려 주셔도 된다능~~ㅎㅎ', 'image_url': 'https://recipe1.ezmember.co.kr/cache/recipe/2015/04/22/6244b52d6f46d1d965f38522618bbec01.jpg'}]"
42991,메인반찬,간식,돼지고기,튀김,바삭바삭 고소한 치즈 돈까스,치즈돈까스,"11,271",60분 이내,초급,2인분,"[('돼지고기등심', ''), ('감자', ''), ('치즈', ''), ('양송이버섯', ''), ('양파', ''), ('밀가루', ''), ('계란', ''), ('빵가루', ''), ('청주', ''), ('후추', ''), ('돈까스소스', ''), ('케첩', ''), ('후추', ''), ('청주', '')]",바삭바삭 고소한 치즈 돈까스입니다.,"[{'step_number': 1, 'description': '감자는 껍질채 깨끗히 씻어 통으로 큼직큼직하게 썰어 찬물에 담궈 전분을 제거한 후 키친타올에 올려 물기를 제거해 줍니다.', 'image_url': 'https://recipe1.ezmember.co.kr/cache/recipe/2015/09/30/906d988ad7e67ffd8d4990f880fd8e2a1.jpg'}, {'step_number': 2, 'description': '돼지고기는 등심으로 2장 준비하고 칼로 두드려 살을 부드럽게 한 후 후추, 청주를 넣어 비린내를 제거해 주세요. 고기 사이에 슬라이스 치즈를 두장 넣어 샌드위치로 만들어 주세요.', 'image_url': 'https://recipe1.ezmember.co.kr/cache/recipe/2015/09/30/7cd40c6294afb73dc64656027a9cb32c1.jpg'}, {'step_number': 3, 'description': '밀가루-계란-빵가루 순으로 바르고 꼭 꼭 눌러 고정시켜 주세요.', 'image_url': 'https://recipe1.ezmember.co.kr/cache/recipe/2015/09/30/a5cf9d04e87f6849175dc536e1f54a291.jpg'}, {'step_number': 4, 'description': '감자와 고기를 노릇노릇 튀긴 후 키친타올에 올려 기름을 제거해 주세요.', 'image_url': 'https://recipe1.ezmember.co.kr/cache/recipe/2015/09/30/c3dc7ca76e44a096cd60ba89f79ae8651.jpg'}, {'step_number': 5, 'description': '양송이는 어슷하게 쓸고, 양파도 2등분 후 잘게 채 썰어 준비해 주세요.', 'image_url': 'https://recipe1.ezmember.co.kr/cache/recipe/2015/09/30/8f4e4945be48e86b0fa5359a5ed2ad6b1.jpg'}, {'step_number': 6, 'description': '후라이팬에 올리브유를 두른후 양송이와 양파를 살짝 볶은 후 돈가스 소스와 케첩을 넣어 보글 끓여 주세요.', 'image_url': 'https://recipe1.ezmember.co.kr/cache/recipe/2015/09/30/9520e58976a24ea2dd4b5f1561be66031.jpg'}]"
42992,메인반찬,간식,돼지고기,튀김,오렌지찹쌀 탕수육,오렌지찹쌀탕수육,"28,780",60분 이내,초급,4인분,"[('돼지고기 등심', '600g'), ('목이버섯', ''), ('양파', '1/2개'), ('불린 목이버섯', '1/2줌'), ('오렌지', '1개'), ('오이', '1/4개'), ('당근', '조금'), ('찹쌀가루', ''), ('계란', ''), ('소금', '1작은술'), ('다진마늘', '1큰술'), ('후추', '조금'), ('식초', '2큰술'), ('설탕', '3큰술'), ('케찹', '1큰술'), ('간장', '1큰술'), ('소금', '1작은술'), ('물', '2/3컵')]",오늘 소개할 윤의 맛있는 선물은 오렌지를 품은 바삭하고 쫀득한 찹쌀 탕수육 입니다.,"[{'step_number': 1, 'description': '버무린 돼지고기는 위생비닐을 덮어 최소 30분 이상 간이 베이게 합니다.', 'image_url': 'https://recipe1.ezmember.co.kr/cache/recipe/2015/07/07/4b76ef1c632e912facb692ea35d84d7a1.jpg'}, {'step_number': 2, 'description': '목이버섯은 물에 불려두세요', 'image_url': 'https://recipe1.ezmember.co.kr/cache/recipe/2015/07/07/d3594f5cb1eb46b491a88da93e57a3b11.jpg'}, {'step_number': 3, 'description': '탕수육소스에 들어갈 재료들을 손질해주세요', 'image_url': 'https://recipe1.ezmember.co.kr/cache/recipe/2015/07/07/74c84aa159896cf830f1d9da6ea8f3d21.jpg'}, {'step_number': 4, 'description': '간이베인 고기에 찹쌀가루 1/2컵을 넣고 계란흰자1개를 버무려 줍니다', 'image_url': 'https://recipe1.ezmember.co.kr/cache/recipe/2015/07/07/bd4ba801bb3fb659eefd92140e980fe41.jpg'}, {'step_number': 5, 'description': '1차로 튀겨내시고 한번더 튀겨주세요', 'image_url': 'https://recipe1.ezmember.co.kr/cache/recipe/2015/07/07/a6592bffb04914c22795551d27f546c11.jpg'}, {'step_number': 6, 'description': '소스 재료- 2배 식초 2큰술. 설탕 3큰술. 케찹 1큰술. 간장 1큰술. 소금 1작은술. 물 2/3컵을 중불에서 살짝 더 끓인후 전분가루와 물을 1:1 비율로 하여 녹말물을 만드신후.. 끓는 소스에 넣어가며 되기를 맞춰주시면 됩니다..', 'image_url': 'https://recipe1.ezmember.co.kr/cache/recipe/2015/07/07/84298faf84062859463ba7c364e51c7c1.jpg'}]"
42993,메인반찬,간식,돼지고기,튀김,엄마표 탕수육 새콤달콤 탕수육소스만들기 찍먹 부먹,탕수육소스,"5,010",90분 이내,아무나,4인분,"[('돼지고기 등심', '500g'), ('찹쌀가루', '1/2컵'), ('오이', '1/4개'), ('당근', '1/5개'), ('양파', '1/4개'), ('청주', '2숟가락'), ('소금', '0.5숟가락'), ('후춧가루', '0.3숟가락'), ('생강가루', '0.2숟가락'), ('녹말가루', '10숟가락'), ('물', '7숟가락'), ('달걀흰자', '1숟가락'), ('물', '1컵'), ('간장', '1숟가락'), ('굴 소스', '1숟가락'), ('식초', '3숟가락'), ('설탕', '2숟가락'), ('맛술', '1숟가락'), ('감자녹말', '1숟가락')]",탕수육,"[{'step_number': 1, 'description': '덩어리로 된 등심을 준비해\n적당한 크기로 썰어 주고', 'image_url': 'https://recipe1.ezmember.co.kr/cache/recipe/2020/09/07/1664a255ede1efd026beb8c0109b7a061.jpg'}, {'step_number': 2, 'description': '볼에 담아 청주, 소금, 후춧가루, 생강가루 적당량을 넣어\n조물조물 밑간을 해주세요.\n고기에 기본적으로 간이 되어 있어야지\n튀겨 놓았을 때 맛있답니다.', 'image_url': 'https://recipe1.ezmember.co.kr/cache/recipe/2020/09/07/55b603b980b02fbd6986e88cc366e7fd1.jpg'}, {'step_number': 3, 'description': '반죽 재료인 녹말가루(10), 물(7), 달걀흰자를 넣어 고루 섞어주고', 'image_url': 'https://recipe1.ezmember.co.kr/cache/recipe/2020/09/07/1bf0e3ada0e73f73be192ce766d915191.jpg'}, {'step_number': 4, 'description': '밑간해 놓은 고기에는 찹쌀가루 (1/2컵)을 부어\n골고루 묻히고', 'image_url': 'https://recipe1.ezmember.co.kr/cache/recipe/2020/09/07/6620ccfbc85c2ccc73f239214475444f1.jpg'}, {'step_number': 5, 'description': '찹쌀가루를 묻혀 놓았던 고기는\n만들어 놓은 반죽에 넣어 고루 섞어주고', 'image_url': 'https://recipe1.ezmember.co.kr/cache/recipe/2020/09/07/ec3f0dc319d2d025d83a1756651391281.jpg'}, {'step_number': 6, 'description': '냄비에 기름을 붓고 기름이 달궈지면\n(나무젓가락을 넣으면 기포가 뽀글뽀글 올라오면 그때가 적당한 온도랍니다.\n혹은 반죽을 조금 넣어 아래쪽으로 가라앉아있으면 기름이 덜 달궈진 상태고\n넣자마자 반죽이 위로 올라오면 적절한 기름 온도에요.)', 'image_url': 'https://recipe1.ezmember.co.kr/cache/recipe/2020/09/07/76c3c51c42a296995903af099dc3ca541.jpg'}, {'step_number': 7, 'description': '이제 반죽한 돼지고기를 하나씩 밀어가며 바삭하게 튀겨주심 된답니다.', 'image_url': 'https://recipe1.ezmember.co.kr/cache/recipe/2020/09/07/0c1327060d3a7d864a4389811c91534b1.jpg'}, {'step_number': 8, 'description': '튀겨 나온 탕수육은 체에 올려 기름을 제거하고\n한 번 더 튀겨주세요.\n그럼 확실히 더 바삭하고 맛있거든요.', 'image_url': 'https://recipe1.ezmember.co.kr/cache/recipe/2020/09/07/78684cd5e426b116aba946b89cc78bfd1.jpg'}, {'step_number': 9, 'description': '탕수육 소스에 들어갈 채소는\n냉장고에 있는 재료인 당근, 양파, 오이를 준비해 적당하게 잘라주고', 'image_url': 'https://recipe1.ezmember.co.kr/cache/recipe/2020/09/07/98d2e81677c8755a2c6787f5c65187031.jpg'}, {'step_number': 10, 'description': '소스 재료인 물(1컵), 간장(1), 굴 소스(1), 설탕(2), 식초(3), 맛술(1),\n감자녹말(1)을 한데 넣어 뭉근하게 끓이다가\n감자녹말가루랑 물을 1:1 비율로 섞어 넣어주거나\n가루를 물에 풀지 않고 소스에 바로 넣어도 되는데요.\n이때 뭉치지 않게 계속 저어가며 끓여주셔야 합니다.', 'image_url': 'https://recipe1.ezmember.co.kr/cache/recipe/2020/09/07/71975f93e6b27828bcab87deb2a8d2481.jpg'}, {'step_number': 11, 'description': '야채를 한데 넣어 조금 끓여 마무리해 주세요.', 'image_url': 'https://recipe1.ezmember.co.kr/cache/recipe/2020/09/07/2e27d7448d3471c8cd4f8c1825e49b781.jpg'}, {'step_number': 12, 'description': '완성', 'image_url': 'https://recipe1.ezmember.co.kr/cache/recipe/2020/09/07/bc6c83dd5a59a122939ac40699a60fb31.jpg'}]"
42994,메인반찬,간식,돼지고기,튀김,돼지고기튀김 만들기,돼지고기튀김,257,30분 이내,아무나,2인분,"[('돼지고기 앞다리살', '600g'), ('전분', '3스푼'), ('다진마늘', '2스푼'), ('다진생강', '1스푼'), ('허브솔트', '1/2스푼'), ('후추', '1/2스푼'), ('식용유', ''), ('마요네즈', '2스푼'), ('청양고추', '1개'), ('대파', '10cm'), ('설탕', '1티스푼')]",탕수육이 생각날때 만드는 돼지고기튀김!!,"[{'step_number': 1, 'description': '다진 마늘 듬뿍, 다진 생강, 후추, 허브솔트 넣고 조물조물해요.\n볼 , 위생장갑', 'image_url': 'https://recipe1.ezmember.co.kr/cache/recipe/2024/06/09/74d4eb7cbaf1d2adfd5d0eb448df55ba1.jpg'}, {'step_number': 2, 'description': '전분가루 3스푼 넣고 조물조물해요.', 'image_url': 'https://recipe1.ezmember.co.kr/cache/recipe/2024/06/09/7d072d971b487cb7c9ca19f54bc4729d1.jpg'}, {'step_number': 3, 'description': '웍에 기름 넉넉하게 넣고 기름 가열 후 전분가루 묻힌 돼지고기 넣고 튀겨요.웍 , 요리젓가락', 'image_url': 'https://recipe1.ezmember.co.kr/cache/recipe/2024/06/09/8182330c459dbb3241cb34312a3959af1.jpg'}, {'step_number': 4, 'description': '바삭바삭 고기튀김 완성!유산지 , 접시 , 식힘망', 'image_url': 'https://recipe1.ezmember.co.kr/cache/recipe/2024/06/09/b41b93e069b06c96e20fa8a3d5e33f481.jpg'}, {'step_number': 5, 'description': '청양고추, 대파 송송 썰어 마요네즈, 설탕 넣고 소스 만들어요.소스볼', 'image_url': 'https://recipe1.ezmember.co.kr/cache/recipe/2024/06/09/f866b8d3b1b40071f8e28e9788805e801.jpg'}, {'step_number': 6, 'description': '고기튀김 완성!!!', 'image_url': 'https://recipe1.ezmember.co.kr/cache/recipe/2024/06/09/52e5e2c9603a3c1a784f13b7aea380f11.jpg'}]"
42995,메인반찬,간식,돼지고기,튀김,바삭바삭 돈가스,돈가스,"11,669",30분 이내,초급,5인분,"[('돼지고기안심', ''), ('튀김가루', ''), ('계란', '2개'), ('빵가루', ''), ('식용유', ''), ('소금', ''), ('후추', ''), ('돈가스소스', '')]",간단히 만들어보는 고소한 돈가스입니다.,"[{'step_number': 1, 'description': '안심은 비닐을 덮고 방망이로 두들겨 펴줍니다.', 'image_url': 'https://recipe1.ezmember.co.kr/cache/recipe/2015/10/20/e7caf4773486841d23a49878410ad8131.jpg'}, {'step_number': 2, 'description': '칼집을 내주세요. 그다음 소금 후추 간 간이 잘 베어야 맛있으니 적당하게 잘 해주세요.', 'image_url': 'https://recipe1.ezmember.co.kr/cache/recipe/2015/10/20/bdce24b6682d16ef29d30b56585eccf41.jpg'}, {'step_number': 3, 'description': '보통 밀가루로 하지만 바삭한 식감을 위해 전 튀김가루를 사용해요. 빵가루로 넓은 접시에 준비하시고, 계란을 두 개 풀어서 소금 간합니다.', 'image_url': 'https://recipe1.ezmember.co.kr/cache/recipe/2015/10/20/978629c6ea66273777855c1a543d7be91.jpg'}, {'step_number': 4, 'description': '밀가루 옷을 살짝 입히고, 계란 물을 고루 묻혀서 빵가루에 넣어서 고루 묻히면 끝.', 'image_url': 'https://recipe1.ezmember.co.kr/cache/recipe/2015/10/20/52e7e786ff01e61eea25207dccc49fa51.jpg'}, {'step_number': 5, 'description': '기름을 너무 과도하게 쓰지 않아요. 저는 저 해피콜 프라이팬에 넣어서 굽다가 뚜껑을 닫아 익히면 겉은 바삭 안은 촉촉 일식에서 먹었던 그 느낌으로 되거든요.', 'image_url': 'https://recipe1.ezmember.co.kr/cache/recipe/2015/10/20/b454ecde2c09d2ef5881c0196a2d21061.jpg'}, {'step_number': 6, 'description': '돈가스소스를 곁들입니다.', 'image_url': 'https://recipe1.ezmember.co.kr/cache/recipe/2015/10/20/4004492175284fd2769ef302b4b023531.jpg'}]"
42996,메인반찬,간식,돼지고기,튀김,"바삭쫄깃, 찹쌀탕수육",찹쌀탕수육,"7,318",30분 이내,중급,1인분,[],"이번 포스팅에서는
돼지고기 안심을 사용하여
먹음직하게 완성하는
바삭쫄깃 찹쌀탕수육 만드는법
레시피로 여러분과 
함께하려고 합니다.
집에서 만들어 더욱
 푸짐하게 즐길 수 있는
매력적인 레시피,
지금 함께 시작 해 볼까요?","[{'step_number': 1, 'description': '[1인기준 필요한재료]\n돼지고기안심200g,전분4T,찹쌀가루6T,\n간장1T,다진마늘1t,바질가루1/2t,\n후추1/3t,식용유1T\n[탕수육소스재료]\n황도1/2캔,양파1/2개,대파1뿌리,\n홍&청피망1/4개씩,캔죽순 반캔,\n굴소스1T,식초4T,물100mL,설탕6T,소금1/2t,\n물녹말(전분2T:물4T)\n[그 밖의 재료]\n튀김용기름 약500mL', 'image_url': 'https://recipe1.ezmember.co.kr/cache/recipe/2015/12/24/0e042b14771eec47034c6cf6d1c3609c1.jpg'}, {'step_number': 2, 'description': '돼지고기 안심은 먹기 좋게\n1.2cm x 4cm정도로 잘라주시고 \n전분4T,찹쌀가루6T,\n간장1T,다진마늘1t,바질가루1/2t,\n후추1/3t,식용유1T\n위의 재료를 사용하여\n밑간해서 준비할게요.', 'image_url': 'https://recipe1.ezmember.co.kr/cache/recipe/2015/12/24/587d66ae76c4e33cf0b4b4f2ee534f4e1.jpg'}, {'step_number': 3, 'description': '대파,양파,피망,죽순 등의 채소는\n슬라이스하여 먹기 좋게\n소스용 재료로 준비 해 주세요.', 'image_url': 'https://recipe1.ezmember.co.kr/cache/recipe/2015/12/24/e61c86332af55814b88fcf6226b6c1811.jpg'}, {'step_number': 4, 'description': '중불에서 5분간 예열한 기름에\n탕수육 반죽을 떼어 튀겨주시고\n1차 초벌 튀김한 다음\n찹쌀가루 2T정도를\n두껍지 않게 솔솔 뿌려\n다시 달아 오른 기름에\n1~1.5분간 재벌튀겨주세요.', 'image_url': 'https://recipe1.ezmember.co.kr/cache/recipe/2015/12/24/cb48113a261a1d0c13f42c4ab06fa2781.jpg'}, {'step_number': 5, 'description': '자, 이제 소스를 만들 차례!\n강불에서 3분간 예열한 팬에\n준비한 채소를 모두 넣고\n달달 볶다가 황도를 넣고\n굴소스1T,식초4T,물100mL,\n설탕6T,소금1/2t\n위의 재료를 넣고\n간을 맞추어 살짝 끓이시다가\n물녹말(전분2T:물4T)로\n농도를 맞추어 주시면\n맛있는 탕수육 소스 완성!\n재벌튀겨 더욱 바삭한\n탕수육 위에 준비 된\n소스를 끼얹어 주시면\n맛있는 찹쌀탕수육 만드는법 완성!!', 'image_url': 'https://recipe1.ezmember.co.kr/cache/recipe/2015/12/24/c0f58d91543416a43715004f3424835c1.jpg'}]"
42997,메인반찬,간식,돼지고기,튀김,집에서만드는엄마표 돈까스,None,"6,332",None,None,None,[],,[]
42998,메인반찬,간식,돼지고기,튀김,아이간식 찹쌀탕수육 만들기,찹쌀탕수육,"5,323",60분 이내,아무나,3인분,"[('돼지고기 안심', '500g'), ('찹쌀가루', '1/2컵'), ('당근', '1/6개'), ('양파', '1/2개'), ('식용유', '적당량'), ('소금', '0.5스푼'), ('후춧가루', '0.3스푼'), ('청주', '2스푼'), ('생강가루', '0.3스푼'), ('찹쌀가루', '1컵'), ('감자녹말', '6스푼'), ('물', '1컵'), ('물', '1컵'), ('간장', '1스푼'), ('식초', '3스푼'), ('굴 소스', '1스푼'), ('설탕', '2스푼'), ('생강가루', '약간'), ('맛술', '1스푼'), ('감자녹말 가루', '1스푼')]",간식,"[{'step_number': 1, 'description': '돼지고기 안심을 그릇에 담고\n소금 0.5, 생강가루 0.3, 청주 2, 후춧가루 0.3을 넣어\n고루 섞어 잠시 재워둡니다.', 'image_url': 'https://recipe1.ezmember.co.kr/cache/recipe/2018/09/27/641d62368be369edfb16a802f0d211711.jpg'}, {'step_number': 2, 'description': '밑간 한 돼지고기에 찹쌀가루를 골고루 묻히고', 'image_url': 'https://recipe1.ezmember.co.kr/cache/recipe/2018/09/27/5f0d2734d6bbe5fb49a61077ac9109ec1.jpg'}, {'step_number': 3, 'description': '다른 그릇에 감자녹말 6, 찹쌀가루 1컵 그리고 물 1컵을 넣어\n고루 섞어 반죽을 만들어주세요.', 'image_url': 'https://recipe1.ezmember.co.kr/cache/recipe/2018/09/27/e4f63a32a96d089a292e00af0a89dcdb1.jpg'}, {'step_number': 4, 'description': '반죽에 가루 옷을 입힌 돼지고기를 넣어 튀김옷을 입혀줍니다,', 'image_url': 'https://recipe1.ezmember.co.kr/cache/recipe/2018/09/27/b35d68cafe68b8c038ea7ddee475298c1.jpg'}, {'step_number': 5, 'description': '튀김 기름이 달궈지면\n고기를 넣고 바삭하게 튀겨주세요.', 'image_url': 'https://recipe1.ezmember.co.kr/cache/recipe/2018/09/27/d8c0e94cf4164eb74e08a00d4db5b65b1.jpg'}, {'step_number': 6, 'description': '2번 튀겨주면 휠씬 더 바삭해요.', 'image_url': 'https://recipe1.ezmember.co.kr/cache/recipe/2018/09/27/8375ca12910b957620cf6dee37e683921.jpg'}, {'step_number': 7, 'description': '탕수육 소스에 넣을 채소를 준비합니다.\n양파,당근등\n원하는 재료로 준비해요.', 'image_url': 'https://recipe1.ezmember.co.kr/cache/recipe/2018/09/27/317a1b85321399e4bde664122b11876b1.jpg'}, {'step_number': 8, 'description': '물 1컵, 간장 1, 식초 3, 굴 소스 1, 맛술 1, 감자녹말 1, 설탕 2, 생강가루 약간을 넣어\n보글보글 끓여주다 당근, 양파를 넣어 한소끔 더 끓여 마무리합니다.\n감자 전분이 들어가니 소스가 떡지지 않게\n계속 젓어가며 만들어 주세요.', 'image_url': 'https://recipe1.ezmember.co.kr/cache/recipe/2018/09/27/22b1a531d5dc752fa060bf782ff8fcf61.jpg'}, {'step_number': 9, 'description': '튀겨 놓은 탕수육을 그릇에 담고\n소스를 끼얹어 주면\n아이들 간식 탕수육 완성', 'image_url': 'https://recipe1.ezmember.co.kr/cache/recipe/2018/09/27/a33005505885e735709743dd8e0927ef1.jpg'}]"
42999,메인반찬,간식,돼지고기,튀김,어린이탕수육 ★ 달콤한 파인애플 탕수육 만들기,파인애플탕수육,"10,379",30분 이내,아무나,2인분,"[('돼지고기 안심', '300g'), ('다진마늘', '0.5큰술'), ('청주', '1큰술'), ('허브솔트', '적당량'), ('달걀 흰자', '1개'), ('녹말물', '4큰술'), ('파프리카', '조금'), ('파인애플', '1.5개'), ('파인애플주스                                                                                180ml', '1cup'), ('물', '1/2컵'), ('설탕', '3큰술'), ('식초', '4큰술'), ('소금', '1/3큰술'), ('후춧가루', '약간'), ('녹말가루', '2큰술'), ('물', '4큰술')]",박브라더스를 위한달콤한 파인애플소스의 탕수육이예요 : ) 파인애플의 단백질분해 효소인브로멜린이 고기를 부드럽게 해 소화를 도와주니 튀긴 안심과 환상궁합이겠죠 ?,"[{'step_number': 1, 'description': '1. 돼지고기 안심 300g은 우의 사진처럼 3등분으로\n길게 모양이 나도록 어슷썰기 해주세요', 'image_url': 'https://recipe1.ezmember.co.kr/cache/recipe/2016/08/25/15a8dedb8ad42efc006b1908a98aa4cf1.jpg'}, {'step_number': 2, 'description': '안심은 다진마늘 0.5큰술, 청주1, 허브솔트 적당량을 넣고밑간을 해준 뒤 소스만들 때 까지 재워두세요', 'image_url': 'https://recipe1.ezmember.co.kr/cache/recipe/2016/08/25/a50a565353db9161492618548ca7076e1.jpg'}, {'step_number': 3, 'description': '오늘의 주인공 파인애플 통조림 : ) \n원래 팥빙수 재료로 쓰려 했었는데\n마침 안심이 있어서 탕수육 소스에 곁들여 봤는데달달하니 부드러운 맛이 좋아서\n아이들이 참 잘 먹더라구요 ^^', 'image_url': 'https://recipe1.ezmember.co.kr/cache/recipe/2016/08/25/c51e44eec6a62d315855528d4772c1751.jpg'}, {'step_number': 4, 'description': '파프리카는 한줌정도,파인애플 1개는 적당한 크기로 깍뚝썰기 해주세요', 'image_url': 'https://recipe1.ezmember.co.kr/cache/recipe/2016/08/25/4818418acee073cc9402a5c1336957cb1.jpg'}, {'step_number': 5, 'description': '파인애플 탕수육 소스만들기 : \n파프리카 조금, 통조림 파인애플 1개반,파인애플주스 1cup (180ml), 물 1/2컵설탕3, 식초4, 소금0.3, 후춧가루 약간', 'image_url': 'https://recipe1.ezmember.co.kr/cache/recipe/2016/08/25/7cd340a3710855f289f0571c76c54a861.jpg'}, {'step_number': 6, 'description': '소스의 농도를 맞추어 줄 \n녹말가루 2큰술, 물 4큰술을 넣은 \n녹말물도 준비해주세요', 'image_url': 'https://recipe1.ezmember.co.kr/cache/recipe/2016/08/25/43a2be93ed3f4308006c68329719274e1.jpg'}, {'step_number': 7, 'description': '큰 볼에 계란흰자 1개, 녹말 2큰술, 물 4큰술 넣은반죽에 밑간해 재워둔 안심을 넣고 \n버무려 튀김옷을 입혀주세요', 'image_url': 'https://recipe1.ezmember.co.kr/cache/recipe/2016/08/25/ca327fd24171413c30b7ba5ce280c9291.jpg'}, {'step_number': 8, 'description': '150도 미만의 온도에서\n속살만 살짝 일을정도로 한번 튀겨주시고,기름온도를 약간 올려 튀겨진 안심을 \n다시 넣고 바삭하게 튀겨주세요', 'image_url': 'https://recipe1.ezmember.co.kr/cache/recipe/2016/08/25/b8f34aa7f87b6222afac8c94149478601.jpg'}, {'step_number': 9, 'description': '작은 냄비에 소스를 붓고 \n끓을때 쯤 약불로 줄여 녹말물을 넣고 걸쭉하게 농도를\n맞추어 주세요\n( 숟가락으로 떳을때 약간 걸쭉한정도 )', 'image_url': 'https://recipe1.ezmember.co.kr/cache/recipe/2016/08/25/c1628f38b2f104649172f609167f9f5c1.jpg'}, {'step_number': 10, 'description': '튀겨진 안심과 소스를 부어주면 완성이예요 \n찍먹파들 보면 헉~ 할 지도 모르는 장면이지만,아이들이 먹을 거라 거침없이 부어줬네요 ^^ 박브라더스도 달콤한 소스 듬뿍 부어\n부드럽게 먹는 걸 좋아한답니다', 'image_url': 'https://recipe1.ezmember.co.kr/cache/recipe/2016/08/25/b22b023df755e681f48fefa07adf90ac1.jpg'}]"
43000,메인반찬,간식,돼지고기,튀김,★손가락 미니 돈까스로  아이들 입맛 사로잡기~★,None,"6,081",None,None,None,[],,[]
43001,메인반찬,간식,돼지고기,튀김,탕수육 만드는 방법,탕수육,"7,386",120분 이내,초급,2인분,"[('돼지 목살', '300g'), ('계란흰자', '1개'), ('녹말가루                                                                                고기의 양에 따라 가감', '5큰술'), ('물', '3큰술'), ('녹말가루', '3큰술'), ('청주', '2큰술'), ('넛맥', ''), ('소금', ''), ('후추', '약간'), ('물', '1.5컵'), ('굴소스', '1/2큰술'), ('식초', '4큰술'), ('설탕', '5큰술'), ('파인애플 국물', '5큰술'), ('소금', '')]",바삭한 탕수육~ 아들 간식으로 만들어 봤네요.,"[{'step_number': 1, 'description': '돼지고기는 핏물을 제거후 5cm정도 길이로 잘라줍니다. 그리고 밑간을 해주세요.', 'image_url': 'https://recipe1.ezmember.co.kr/cache/recipe/2015/08/25/880074cbc675cdb3a0b7cc61635f27951.jpg'}, {'step_number': 2, 'description': '볼에 계란흰자를 푸시고 전분가루를 넣어 섞어줍니다. 그리고 밑간한 고기를 넣어 조물조물 해줍니다. 저는 점심에 먹을거라 만들어서 냉장보관을 했답니다.', 'image_url': 'https://recipe1.ezmember.co.kr/cache/recipe/2015/08/25/e17e86a603bb40402e488edbb1de1fd61.jpg'}, {'step_number': 3, 'description': '야채(오이, 양파, 당근, 파인애플)는 적당한 크기로 썰어서 오일 1큰술을 두르고 팬에 1분정도 살짝 볶아줍니다.', 'image_url': 'https://recipe1.ezmember.co.kr/cache/recipe/2015/08/25/3af3479a91f8f4b05a4b836186b51a311.jpg'}, {'step_number': 4, 'description': '만들어둔 탕수소스가 끓으면 야채를 넣어 불려놓은 물녹말을 넣어 농도를 맞춰줍니다.', 'image_url': 'https://recipe1.ezmember.co.kr/cache/recipe/2015/08/25/849653d000efd201963a382303c292521.jpg'}, {'step_number': 5, 'description': '서서히 떠오를정도의 온도에 맞춰 마늘을 편으로 썰어 함께 애벌로 튀깁니다. 그후, 한번 튀겨낸 탕수육이 식으면 다시한번 2차로 튀겨냅니다. 이렇게 해야 바삭해요. 탕수육은 잘못하면 돼지고기 특유의 누린내가 납니다. 그러나 마늘을 이렇게 편으로 썰어서 넣게되면 그 누린내를 잡아주지요.', 'image_url': 'https://recipe1.ezmember.co.kr/cache/recipe/2015/08/25/34476b09532d46a6684aa29866dfe17d1.jpg'}, {'step_number': 6, 'description': '바삭하게 튀겨진 탕수육을 접시에 담아줍니다.', 'image_url': 'https://recipe1.ezmember.co.kr/cache/recipe/2015/08/25/9a8c359f21afd5cfb1ed96ce1dc600391.jpg'}, {'step_number': 7, 'description': '먹기직전 소스를 뿌려줍니다.', 'image_url': 'https://recipe1.ezmember.co.kr/cache/recipe/2015/08/25/75ec84f3146e189b29f3914715184b411.jpg'}]"
43002,메인반찬,간식,돼지고기,튀김,과일누룽지 탕수육,과일누룽지탕수육,"20,582",30분 이내,초급,3인분,"[('누룽지', '3줌'), ('파인애플슬라이스', '3조각'), ('피망', '약간'), ('파프리카', '약간'), ('오렌지', '1개'), ('파인애플통조림국물과 물', '1컵'), ('설탕', '2스푼'), ('케첩', '4스푼'), ('소금', '약간'), ('식초', '1스푼'), ('', ''), ('녹말가루', '2스푼'), ('물', '3스푼')]","고소하고 바삭한 과일누룽지 탕수육, 생일상차림에도 환영받을만한 메뉴입니다. 강추해요.","[{'step_number': 1, 'description': '소스에 들어갈 재료들이에요. 적당한 크기로 잘라놓았어요.', 'image_url': 'https://recipe1.ezmember.co.kr/cache/recipe/2015/08/14/df38ec810a2826da60a5c9236240bcfd1.jpg'}, {'step_number': 2, 'description': '팬에 통조림국물과 물을 넣고 녹말물과 식초를 제외한 소스를 넣고 끓이다가 위에 썰어놓은 재료들을 넣어요. 피망이 반쯤 익어가도록 살짝만 끓여주세요.', 'image_url': 'https://recipe1.ezmember.co.kr/cache/recipe/2015/08/14/3210da2b38ad8b6a5617ed8191aa203f1.jpg'}, {'step_number': 3, 'description': '옆에서 누룽지를 튀기는 동안 불을 살짝 꺼두었다가 튀김이 완성되면 불을 세게 해서 준비한 녹말물을 붓고 마지막에 식초 1스픈을 넣어줍니다. (식초를 처음부터 넣으면 모두 휘발되서 새콤한 맛이 덜하거든요.)', 'image_url': 'https://recipe1.ezmember.co.kr/cache/recipe/2015/08/14/7c2fa3bc2811338cc358fe8be32177191.jpg'}, {'step_number': 4, 'description': '소스를 미리 만들어두고 누룽지를 튀겨야해요. 그래야 따끈하고 바싹한 누룽지튀김에 만든 소스를 붓기만하면 되거든요. 180도 정도의 기름이 젓가락으로 휘휘 저어가며 노릇하게 누룽지를 튀겨주세요. 휘휘 저으면 골고루 잘 익으면서 훨씬 바싹해집니다.', 'image_url': 'https://recipe1.ezmember.co.kr/cache/recipe/2015/08/14/e8d9ea363639017d74eeec807262cc021.jpg'}, {'step_number': 5, 'description': '기름이 많은건 좋지 않으니 이렇게 키친타올에 기름을 빼주세요.', 'image_url': 'https://recipe1.ezmember.co.kr/cache/recipe/2015/08/14/c0480bbc3ceb74c6600ff3859c6e222d1.jpg'}, {'step_number': 6, 'description': '따끈한 누룽지를 그릇에 담고', 'image_url': 'https://recipe1.ezmember.co.kr/cache/recipe/2015/08/14/f3a6456795ee5a57cf4fa61733fb865d1.jpg'}, {'step_number': 7, 'description': '과일탕수소스를 부어줍니다. 누룽지가 뜨거워 치익하고 기분좋은 소리가 들릴꺼에요.', 'image_url': 'https://recipe1.ezmember.co.kr/cache/recipe/2015/08/14/883d10ffb50995aee0c8fc1ac9af08521.jpg'}, {'step_number': 8, 'description': '과일누룽지탕수육 완성입니다. 아이들이 무척 좋아할 것 같아요.', 'image_url': 'https://recipe1.ezmember.co.kr/cache/recipe/2015/08/14/361a6807fd06c8eb426f3b2e087d44751.jpg'}]"
43003,메인반찬,간식,돼지고기,튀김,찹쌀탕수육 만들기,찹쌀탕수육,"3,548",60분 이내,아무나,4인분,"[('돼지고기등심', ''), ('찹쌀가루', '1'), ('전분', '1'), ('물', '0.5'), ('후추', '1티스푼'), ('식용유', ''), ('소금', ''), ('후추', '')]",쫀득바삭한 찹쌀탕수육!! 참 맛이죠.. 맛있지만 중국집에서 배달하면 양이 너무 작아서 슬퍼요. 그래서 만든 오늘의 요리 찹쌀탕수육!! 만들어보아요.,"[{'step_number': 1, 'description': '돼지고기 등심을 얇고 넓적하게 썰어 소금, 후추 밑간으로 조물조물해줍니다. 찹쌀가루와 후추를 잘 섞은 후 돼지고기 등심 앞뒤 골고루 찹쌀가루를 묻혀줍니다.등심이 두꺼우면 두들겨 얇게 만든 후 밑간을 해요.', 'image_url': 'https://recipe1.ezmember.co.kr/cache/recipe/2024/02/18/c9e12ced8e64a06f1d59f15b72b4f1a31.jpg'}, {'step_number': 2, 'description': '찹쌀가루, 전분가루, 물을 넣고 반죽물이 살짝 걸쭉한 느낌이 나도록 만들어요. 찹쌀가루 묻힌 돼지고기를 반죽 물을 입혀요찹쌀가루 1 : 전분가루 1 : 물 0.5', 'image_url': 'https://recipe1.ezmember.co.kr/cache/recipe/2024/02/18/ce214aeea443d83d2ada1b295328ba5c1.jpg'}, {'step_number': 3, 'description': '식용유를 준비해요. 기름의 온도가 올라가면 반죽물 입힌 돼지고기를 넣고 바삭하게 튀겨요.', 'image_url': 'https://recipe1.ezmember.co.kr/cache/recipe/2024/02/18/24fca0f4c6a63f99a982665a65e722e11.jpg'}, {'step_number': 4, 'description': '한 번 튀긴 돼지고기는 잠시 식힌 후 한번 더 튀겨주는 게 바삭한 찹쌀탕수육이 완성', 'image_url': 'https://recipe1.ezmember.co.kr/cache/recipe/2024/02/18/679849939b8b5c0461df22e06c625e211.jpg'}, {'step_number': 5, 'description': '두번 튀긴 찹쌀탕수육!!', 'image_url': 'https://recipe1.ezmember.co.kr/cache/recipe/2024/02/18/95d27679522058354d648cd3f392f7b91.jpg'}, {'step_number': 6, 'description': '냉동에 넣고 먹을때마다 에어프라이어에 돌려 기름을 한번 빼고 먹어도 맛있어요.', 'image_url': 'https://recipe1.ezmember.co.kr/cache/recipe/2024/02/18/f6ac7f697dd2f88d2f3ed7fb80e90e571.jpg'}, {'step_number': 7, 'description': '쫀득바삭한 찹쌀탕수육 완성!! 소스는 간장식초에 콕 찍어 먹으면 참 맛있어요..', 'image_url': 'https://recipe1.ezmember.co.kr/cache/recipe/2024/02/18/31623b626fbb9b2b3a746bec3b110c071.jpg'}]"
