index,종류별,상황별,재료별,방법별,글 제목,레시피이름,조회수,조리시간,난이도,인분,재료,소개글,조리순서
45414,국/탕,일상,돼지고기,끓이기,열무 청국장,열무청국장,"1,608",60분 이내,아무나,3인분,"[('열무', '1줌'), ('대파', ''), ('청양고추', '1개'), ('돼지고기', '100g'), ('홍고추', '1개'), ('멸치', '5개'), ('다시마', '1장'), ('고춧가루', '1큰술'), ('청국장', '3큰술'), ('된장', '1.5큰술')]",밥도둑 청국장,"[{'step_number': 1, 'description': '재료:열무한줌,대파(쪽파),청양고추1개,돼지고기100g,홍고추1개\n육수재료:멸치5개이상,다시마1장정도\n양념:고춧가루1큰술+청국장3큰술+된장1.5큰술', 'image_url': 'https://recipe1.ezmember.co.kr/cache/recipe/2019/09/01/ba080be6d799efa35e9dc7a7144194821.jpg'}, {'step_number': 2, 'description': '물 3컵에 육수재료를 넣어 중불로 10분간 끓여 멸치다시마는 건져내요.', 'image_url': 'https://recipe1.ezmember.co.kr/cache/recipe/2019/09/01/c7cc2af4408b5b772df783262193adbd1.jpg'}, {'step_number': 3, 'description': '우거지는 삶아 깨끗이 씻어 물기를 제거해주고\n한입크기로 썰어주세요.', 'image_url': 'https://recipe1.ezmember.co.kr/cache/recipe/2019/09/01/3cba7d301df8dc03c6a505f8290728b61.jpg'}, {'step_number': 4, 'description': '파는 썰어주고 청양고추와 홍고추는 어슷 썰어주었어요.', 'image_url': 'https://recipe1.ezmember.co.kr/cache/recipe/2019/09/01/0e91f86d91645d9eb4ca9442284728041.jpg'}, {'step_number': 5, 'description': '돼지고기도 한입크기로 잘라주세요.', 'image_url': 'https://recipe1.ezmember.co.kr/cache/recipe/2019/09/01/7f53112fc1830a5662afd65f0db5591e1.jpg'}, {'step_number': 6, 'description': '중불로 달군냄비에 돼지고기 겉면이 변할 때까지 볶아주다 고추가루1큰술\n넣어 고추기름이 나면', 'image_url': 'https://recipe1.ezmember.co.kr/cache/recipe/2019/09/01/5097568a3a2bbc22064eaf31d052895d1.jpg'}, {'step_number': 7, 'description': '육수를 넣어 끓으면 청국장 ,된장을 풀어주세요.\n청국장3큰술,된장1.5큰술', 'image_url': 'https://recipe1.ezmember.co.kr/cache/recipe/2019/09/01/896c38ffbd45acf0ff913cbab4ea00da1.jpg'}, {'step_number': 8, 'description': '열무를 넣어 3분 끓여주세요.', 'image_url': 'https://recipe1.ezmember.co.kr/cache/recipe/2019/09/01/a448e4d2d02e094c541410c80249741e1.jpg'}, {'step_number': 9, 'description': '마지막에 파와 고추를 넣어 끓여 마무리합니다.', 'image_url': 'https://recipe1.ezmember.co.kr/cache/recipe/2019/09/01/7d3456f94d37bf2787d38ea145c744aa1.jpg'}, {'step_number': 10, 'description': '밥도둑 청국장', 'image_url': 'https://recipe1.ezmember.co.kr/cache/recipe/2019/09/01/9fe0c3622352e654f581e3d538b78ac11.jpg'}, {'step_number': 11, 'description': '열무 청국장 완성', 'image_url': 'https://recipe1.ezmember.co.kr/cache/recipe/2019/09/01/7f92d05610f7a2ea1ea01e6713b7ee471.jpg'}]"
45415,국/탕,일상,돼지고기,끓이기,젓국갈비,젓국갈비,"1,272",90분 이내,초급,4인분,"[('돼지갈비', '700g'), ('대파', '1대'), ('양파', '50g'), ('호박', '1/4개'), ('표고버섯', '3개'), ('홍고추', '1개'), ('새우젓', '2큰술'), ('다진마늘', '2큰술'), ('생강가루', '1작은술'), ('후춧가루', '1작은술')]","화도에 가면 바다로 둘러싸인 섬이니 당연히 회나 바지락칼국수 등등 해물요리만 유명한 줄 아시겠지만, 젓국갈비라고 새우젓으로 간을 한 돼지갈비 전골 집에서도 쉽게 만들 수 있어요","[{'step_number': 1, 'description': '돼지갈비는 4시간 이상 물에 담가 핏물을 뺀 후 물에 헹구어요', 'image_url': 'https://recipe1.ezmember.co.kr/cache/recipe/2022/03/04/0903bffc64249d295ee480f2ad7e4e0c1.jpg'}, {'step_number': 2, 'description': '끓는 물을 부어 잠시 끓인 후 물을 버리고 다시 끓인 물을 부어 끓이기 시작합니다센불', 'image_url': 'https://recipe1.ezmember.co.kr/cache/recipe/2022/03/04/284582ddf7055dc4e81f907591377e5f1.jpg'}, {'step_number': 3, 'description': '채소는 편으로 썰거나 채를 썰어 넣어 같이 끓이기 시작합니다. 생강가루, 후추가루도 넣어 같이 약불에 1시간 정도 끓입니다.약불', 'image_url': 'https://recipe1.ezmember.co.kr/cache/recipe/2022/03/04/db3521601d70231cdc03e6b4ecf32f811.jpg'}, {'step_number': 4, 'description': '마지막으로 새우젓 2큰술로 간 하고 대파잎, 홍고추를 어슷썰어 넣고 불을 끕니다', 'image_url': 'https://recipe1.ezmember.co.kr/cache/recipe/2022/03/04/55eaa892ba8dc9f65a03f60f865ba9ed1.jpg'}]"
45416,국/탕,일상,돼지고기,끓이기,감자탕 끓이기,감자탕,"1,705",90분 이내,중급,4인분,"[('돼지등뼈', '1864g'), ('깻잎순', '151g'), ('감자', '279g'), ('얼갈이', '336g'), ('대파', '95g'), ('청양고추', '20g'), ('육수', '1500ml'), ('다시마', '4g'), ('멸치', '22g'), ('새우', '15g'), ('대파', '22g'), ('무', '177g'), ('물', '1800ml'), ('된장', '3T'), ('후추', '2T'), ('국간장', '1T'), ('마늘', '1T'), ('들깨가루', '5T'), ('고춧가루', '4T'), ('미원', '1/3t')]",비오는 주말에 큰 딸이 가장 좋아하는 감자탕을 끓여보았습니다~!,"[{'step_number': 1, 'description': '육수 재료를 준비합니다다시마4g, 멸치22g, 새우15g, 대파22g, 무177g', 'image_url': 'https://recipe1.ezmember.co.kr/cache/recipe/2022/03/26/9307999d4c0536013f3eec512840b0e41.jpg'}, {'step_number': 2, 'description': '물 1.8L를 넣어 주세요', 'image_url': 'https://recipe1.ezmember.co.kr/cache/recipe/2022/03/26/27dfe81e2bece248b348b767845710861.jpg'}, {'step_number': 3, 'description': '육수를 30분 정도 우려냅니다', 'image_url': 'https://recipe1.ezmember.co.kr/cache/recipe/2022/03/26/b97bf46a4397336ed14fc03e2b92fe8b1.jpg'}, {'step_number': 4, 'description': '돼지등뼈를 준비합니다등뼈1864g', 'image_url': 'https://recipe1.ezmember.co.kr/cache/recipe/2022/03/26/2ff9220b92491a0ab743f24cc67987611.jpg'}, {'step_number': 5, 'description': '찬물에 30분 정도 담가 핏물을 제거합니다', 'image_url': 'https://recipe1.ezmember.co.kr/cache/recipe/2022/03/26/3e880b19ec2178808bbd88eb47ccdf131.jpg'}, {'step_number': 6, 'description': '월계수잎과 알커피를 넣고 한번 끓여줍니다알커피3T 월계수잎5장', 'image_url': 'https://recipe1.ezmember.co.kr/cache/recipe/2022/03/26/fd601701a56e94745f7b768701f132371.jpg'}, {'step_number': 7, 'description': '한번 삶아낸 돼지등뼈는 씻어낸 뒤, 육수 물 1.5L랑 같이 냄비에 넣습니다', 'image_url': 'https://recipe1.ezmember.co.kr/cache/recipe/2022/03/26/e153c70a2a2d54ea92b3c2ea7b4fc8141.jpg'}, {'step_number': 8, 'description': '된장 3T를 넣고, 30분간 중약불에 끓여줍니다된장3T', 'image_url': 'https://recipe1.ezmember.co.kr/cache/recipe/2022/03/26/ffa2d15f2b296194489466d24aa367451.jpg'}, {'step_number': 9, 'description': '부재료를 준비합니다감자279g 얼갈이336g 깻순151g 대파95g 청양고추20', 'image_url': 'https://recipe1.ezmember.co.kr/cache/recipe/2022/03/26/1220f98de674c4c40654eadfd7d7eebc1.jpg'}, {'step_number': 10, 'description': '감자는 4등분을, 대파와 청양고추는 어슷썰기 합니다', 'image_url': 'https://recipe1.ezmember.co.kr/cache/recipe/2022/03/26/0fe18a177bf2f977365894cc65d509891.jpg'}, {'step_number': 11, 'description': '얼갈이는 끓는 물에 살짝 데쳐주고, 깻순을 흐르는 물에 씻어줍니다', 'image_url': 'https://recipe1.ezmember.co.kr/cache/recipe/2022/03/26/240b0ec9cdc0367222b2a56dded01b511.jpg'}, {'step_number': 12, 'description': '감자를 먼저 넣고 10분간 중불에 끓여준 뒤, 양념을 넣어줍니다. 그 후 얼갈이와 대파, 청양고추를 올린 후 10분간 끓여줍니다후추2T 국간장1T 마늘1T 들깨5T 고춧가루4T 미원1/3t', 'image_url': 'https://recipe1.ezmember.co.kr/cache/recipe/2022/03/26/38f10d0cf18493fda96605fa0e13f3cd1.jpg'}, {'step_number': 13, 'description': '마지막으로 깻순 올리고 마무리', 'image_url': 'https://recipe1.ezmember.co.kr/cache/recipe/2022/03/26/12887b5d47aa77321932743dc1dcad0d1.jpg'}, {'step_number': 14, 'description': '맛있는 감자탕이 완성되었습니다', 'image_url': 'https://recipe1.ezmember.co.kr/cache/recipe/2022/03/26/654ff28bf85f8ce7c1363d5f2130386e1.jpg'}]"
45417,국/탕,일상,돼지고기,끓이기,류수영 콩나물감자탕 만드는법-맵지 않아 아이들이 잘 먹는 등뼈감자탕,콩나물감자탕,"7,120",2시간 이상,초급,4인분,"[('돼지등뼈', '2kg'), ('콩나물', '1봉'), ('깻잎', '10장'), ('등뼈삶은 육수', '1.5L'), ('대파', '2대'), ('통양파', '1개'), ('통마늘', '10알'), ('월계수잎', '5장'), ('된장', '3T'), ('고추장', '2T'), ('들기름', '1컵'), ('설탕', '3T'), ('국간장', '5T'), ('고추가루', '3T'), ('소금', '약간')]","저희집 남매의 최애메뉴 중 하나가 바로 등뼈감자탕인데요~ 매번 감자탕을 배달해서 먹었는데 아무리 뼈추가를 해도 아이들의 먹성을 따라가지를 못하겠더라구요~
감자탕 주문하면 엄빠는 국물이랑 시래기만 먹고 있는 팔자... 엄빠도 배불리 등뼈 좀 먹고 싶다~~
그래서 결국 집에서 직접 등뼈감자탕을 만들었어요.
편스토랑에서 류수영님이 아주 쉽게 감자탕을 만드는법을 알려주길래 따라해봤어요^^
류수영님의 콩나물감자탕 레시피는 자극적이지 않고 맵지 않아 아이들이 먹기에 딱 좋은 메뉴였어요~
식당에서 파는 감자탕을 매워하는 아이들이 있다면 요 레시피에 주목해주세요!!!
진짜 아이들 밥 2공기는 거뜬한 대박레시피랍니다~","[{'step_number': 1, 'description': '정육점에서 냉장 돼지등뼈 2Kg이에요.\n2Kg은 대략 9000원 정도에요.\n정말 착한 가격이죠??\n뼈를 좀 작게 잘랐더니 대략 15조각이 나오더라구요!', 'image_url': 'https://recipe1.ezmember.co.kr/cache/recipe/2022/01/19/19b49b38fa408153b1b507e926156f1d1.jpg'}, {'step_number': 2, 'description': '먼저 핏물을 빼는 작업을 할께요.\n찬물에 최소 2시간 이상은 담궈주세요.\n특히 냉동등뼈라면 필히 핏물빼는 작업 해주세요', 'image_url': 'https://recipe1.ezmember.co.kr/cache/recipe/2022/01/19/898948f0408ce7c718dd4344a82e7c061.jpg'}, {'step_number': 3, 'description': '핏물을 뺀 등뼈는 흐르는 물에 뼛조각이 나오지않도록 씻은 후 끓는 물에 한번 데치듯 삶아서 찬물에 행궈주세요.\n냉장일 경우 이 작업을 패쓰해도 된다고 하지만 전 혹시모를 잡내를 제거하기 위해 데치는 과정을 진행했어요.', 'image_url': 'https://recipe1.ezmember.co.kr/cache/recipe/2022/01/19/32050a2753343cab6c48dd38386cfcf31.jpg'}, {'step_number': 4, 'description': '류수영님레시피는 등뼈를 먼저 육수내듯이 푹 삶는 과정이 있어요.\n육수용재료를 준비해주세요.\n(대파 2대, 통양파 1개, 통마늘 10알, 월계수잎 5장)', 'image_url': 'https://recipe1.ezmember.co.kr/cache/recipe/2022/01/19/3af653151cac40fae81e86b2039376161.jpg'}, {'step_number': 5, 'description': '냄비에 돼지등뼈를 담고 등뼈가 잠길 정도로 물을 부어주세요.\n육수재료와 함께 충분히 물을 넣고 등뼈를 2시간정도 푹 끓여주세요.', 'image_url': 'https://recipe1.ezmember.co.kr/cache/recipe/2022/01/19/360129b088dd0c86972f520077ad623f1.jpg'}, {'step_number': 6, 'description': '그러면 요렇게 사골국물 마냥 뽀얀 육수가 나와요.\n류수영님은 이국물로 국밥이나 카레를 만들면 맛있다고 하더라구요~\n2시간정도 푹 삶으면 등뼈고기도 야들야들 부드러워진답니다.', 'image_url': 'https://recipe1.ezmember.co.kr/cache/recipe/2022/01/19/d84cf730e12280370a15fdef95fdd87c1.jpg'}, {'step_number': 7, 'description': '등뼈를 삶는 동안 콩나물과 깻잎을 씻어주세요.', 'image_url': 'https://recipe1.ezmember.co.kr/cache/recipe/2022/01/19/c8f9557182f59fda006f87c3ed1da02a1.jpg'}, {'step_number': 8, 'description': '그리고 양념장을 만들어주시면 됩니다.\n(된장 3T, 고추장 2T, 들기름 1컵, 설탕 3T, 국간장 5T, 고추가루 3T)\n아마 류수영님 레시피를 찾아보시면 양념계량이 조금 다를꺼에요.\n제가 먹어본 결과 육수양에 따라 양념장의 양이 달라지기 때문인데요 \n육수의 양이 1.5L정도 들어갔을 때 기준의 양념장이에요.', 'image_url': 'https://recipe1.ezmember.co.kr/cache/recipe/2022/01/19/98b9ebfc5c152a4a84f267ce11f83f1b1.jpg'}, {'step_number': 9, 'description': '냄비에 등뼈와 육수를 붓고 양념장을 반정도 먼저 넣어주세요.', 'image_url': 'https://recipe1.ezmember.co.kr/cache/recipe/2022/01/19/d31272d5d6f576f23e5163b2bef874311.jpg'}, {'step_number': 10, 'description': '양념장 올리고 콩나물 올리고 또다시 양념장 올려주세요', 'image_url': 'https://recipe1.ezmember.co.kr/cache/recipe/2022/01/19/655109afbd4a9eae43c48b026a206a061.jpg'}, {'step_number': 11, 'description': '깻잎을 넣고 뚜껑을 닫고 콩나물이 익을때까지 끓이면 완성!!\n혹시 모자란간은 소금으로 해주세요.\n뚜껑을 닫고 콩나물을 익힐 경우 중간에 뚜껑을 열면 자칫 콩나물에서 비린내가 날수있다는거 아시죠??\n영 자신 없으시면 아예 뚜껑을 닫지않은 채로 끓여서 익히세요.', 'image_url': 'https://recipe1.ezmember.co.kr/cache/recipe/2022/01/19/f928f008f64069818b256a2b4674da6e1.jpg'}, {'step_number': 12, 'description': '국물이 뻘건것이 매워 보이죠??\n하지만 들기름의 고소한 맛과 콩나물의 시원함맛과 함께 전혀 맵지 않은 감자탕이랍니다.\n진짜 들기름이 신의 한수!!', 'image_url': 'https://recipe1.ezmember.co.kr/cache/recipe/2022/01/19/6db0a734761b9eecc51a5786f251a89a1.jpg'}, {'step_number': 13, 'description': '우리집 예비초등색 2호가 엄지척을 해준 콩나물등뼈감자탕!!\n우리집 아이들이 이 감자탕으로 밥 2공기는 기본으로 먹었답니다.\n정말 저렴한 가격으로 아주 풍성하게 먹은 밥상이었어요.\n진짜 맵지않고 고소하고 자극적이지 않은 맛있는 콩나물 감자탕!!\n아이들이 먹을 수있는 맛있는 감자탕을 알려주셨으니 류수영님에게 감사를 드려야겠어요~ 대신 저는 앞으로 감자탕을 집에서 끓여야 할 운명이....ㅠㅠ', 'image_url': 'https://recipe1.ezmember.co.kr/cache/recipe/2022/01/19/a44cc553fa38fc409ef0896af9fae5eb1.jpg'}]"
45418,국/탕,일상,돼지고기,끓이기,라면포트로 간단하게 국끓이기5-얼큰한 파국,파국,"2,951",10분 이내,초급,1인분,"[('돼지고기                                                                                50g', '1줌'), ('버섯', '2개'), ('애호박                                                                                1줌', '1/4개'), ('대파                                                                                6cm', '3줌'), ('물', '200ml'), ('고추기름', '1T'), ('고춧가루', '2꼬집'), ('다진마늘', '0.5T'), ('새우젓', '1/3T'), ('김치', '1줌'), ('멸치가루', '1.5T'), ('달걀', '1개')]",라면포트로 간단하게 얼큰한 파국 만드는 법입니다. 여기에 순두부 넣으시면 순두부찌개도 돼요,"[{'step_number': 1, 'description': '50g정도 돼지고기 한줌을 갈거나 작게 썰고 애호박1/4썬 것, 버섯 2개썬 것, 김치 한 줌, 멸치가루1.5T, 다진마늘0.5T, 새우젓 1/3T, 대파 6cm로 썬 것 세 줌,고추기름1T, 고춧가루2꼬집 넣고\n*바지락이나 새우 있으시면 넣으시면 좋아요', 'image_url': 'https://recipe1.ezmember.co.kr/cache/recipe/2019/02/16/eb7a1926acdda7fb8bb3dd1d4e841eb61.jpg'}, {'step_number': 2, 'description': '물200ml 부어주세요 \n야채에서 물이 많이 나와서 한 컵보다 적게 부어주세요 \n머그컵 한컵이 250ml이므로 약간 덜 부어주시면 되세요 \n*순두부 있으시면 이때 넣어주시면 순두부찌개가 돼요', 'image_url': 'https://recipe1.ezmember.co.kr/cache/recipe/2019/02/16/ca9b88e119de940eb8cfa8507511acce1.jpg'}, {'step_number': 3, 'description': '뚜껑을 연상태에서 끓이다가 부글부글 끓기 시작할때부터 3분간 계속 끓여주시고나서 달걀을 깨뜨려서 2, 3번 저어주세요 \n*달걀이 완전히 풀어지지 않게 2, 3번만 저어주세요', 'image_url': 'https://recipe1.ezmember.co.kr/cache/recipe/2019/02/16/f530851fbfd23977384428039f3a3f001.jpg'}, {'step_number': 4, 'description': '1분간 더 끓여주시고 꺼주시면 완성!\n*간이 싱거우시면 간장 1/3T를 넣어주세요', 'image_url': 'https://recipe1.ezmember.co.kr/cache/recipe/2019/02/16/ace0de26d6da66a2b8e346545c8b759d1.jpg'}, {'step_number': 5, 'description': '새우젓과 고추기름 덕분에 국물맛이 칼칼하고 시원합니다', 'image_url': 'https://recipe1.ezmember.co.kr/cache/recipe/2019/02/16/337cb7058875dd2371d95589d9b107e01.jpg'}]"
45419,국/탕,일상,돼지고기,끓이기,등갈비감자탕,등갈비감자탕,"3,703",60분 이내,초급,6인분 이상,"[('등갈비', '300g'), ('감자', '8개'), ('양파', '1.5개'), ('대파', '1뿌리'), ('깻잎', '100g'), ('오가피', '20g'), ('엄나무', '20g'), ('간장', '1큰술'), ('물', '2000ml'), ('고추장', '2큰술'), ('된장', '1큰술'), ('고추가루', '1큰술'), ('다진생강', '1/2큰술'), ('다진마늘', '1/2큰술'), ('소금', '1.5큰술'), ('물', '3000ml'), ('들깨가루', '2큰술')]",등갈비 김치찜이 이제 식상해서 등갈비로 따끈한 감자탕 끓여봤어요!,"[{'step_number': 1, 'description': '등갈비는 찬물에 1시간이상 담궈 핏물을 제거한다.', 'image_url': 'https://recipe1.ezmember.co.kr/cache/recipe/2018/12/21/46067fbb4b47d23b5bdb393cbf91ec1c1.jpg'}, {'step_number': 2, 'description': '1.핏물이 빠진 등갈비는 분리하여 준비한다.\n2.냄비에 물 2000ml(등갈비가 잠길정도)넣고 오가피,엄나무,대파짜투리,양파짜투리,간장1큰술을 넣고 40분간 센불에 익혀준다.\n3.등갈비가 익으면 고기만 건지고 국물은 버린다.', 'image_url': 'https://recipe1.ezmember.co.kr/cache/recipe/2018/12/21/2d6c8868449e634b7f6cf60b190fe1d01.jpg'}, {'step_number': 3, 'description': '감자는 껍질을 제거하고 찬물에 담궈 준비한다.', 'image_url': 'https://recipe1.ezmember.co.kr/cache/recipe/2018/12/21/64a3e6521bf268ac50b42d07b86c08771.jpg'}, {'step_number': 4, 'description': '냄비에 물3000ml를 넣고 양념장 중량대로(들깨가루는 마지막) 넣어준뒤 삶은 등갈비와 통 감자를 같이 넣고 30분간 센불에 끓여준다.', 'image_url': 'https://recipe1.ezmember.co.kr/cache/recipe/2018/12/21/1d25f847bc27007590cb220c860fff8c1.jpg'}, {'step_number': 5, 'description': '그사이 대파,양파,청양고추는 채썰고,깻잎은 큼직하게 썰어 준비한다.', 'image_url': 'https://recipe1.ezmember.co.kr/cache/recipe/2018/12/21/95c7eed6a9b14414d9e2c08f3a0d48ec1.jpg'}, {'step_number': 6, 'description': '30분뒤 감자가 익으면 손질한 채소를 넣고 끓여준다.', 'image_url': 'https://recipe1.ezmember.co.kr/cache/recipe/2018/12/21/1ec94cd7a5cd2984333e131bd895b69f1.jpg'}, {'step_number': 7, 'description': '채소가 어느정도 익으면 들깨가루 2큰술 넣고 한소끔 끓인다.', 'image_url': 'https://recipe1.ezmember.co.kr/cache/recipe/2018/12/21/3f32b46c794692edb08dbea0fd3f8ccc1.jpg'}, {'step_number': 8, 'description': '팔팔 끓으면 불을끄고 거품을 걷어낸다.', 'image_url': 'https://recipe1.ezmember.co.kr/cache/recipe/2018/12/21/133cd449b107166fdfab8ca47dc23e161.jpg'}, {'step_number': 9, 'description': '완성된 감자탕은 먹기좋게 담아낸다.', 'image_url': 'https://recipe1.ezmember.co.kr/cache/recipe/2018/12/21/8d788d7f8764536795cc72793fcb801c1.jpg'}]"
45420,국/탕,일상,돼지고기,끓이기,집에서도 쉽게 만들어 먹을 수 있는 돼지고기짬뽕 황금레시피,돼지고기짬뽕,"3,777",30분 이내,초급,3인분,"[('잡채용 돼지고기', '300g'), ('맛소금', '1/3숟가락'), ('통후추                                                                                후추가루 7번', '5번'), ('다진마늘', '2숟가락'), ('대파                                                                                2뼘', '2대'), ('양파', '2개'), ('목이버섯', '1줌'), ('청양고추', '2개'), ('물', '1.5L'), ('고추가루', '5숟가락'), ('올리브유', '3숟가락'), ('까나리액젓', '2숟가락'), ('간장', '1숟가락')]","요즘 날씨가 넘 추워서 뜨끈한 국물 또는 얼큰한 국물이 많이 생각나는데요~

매운걸 잘 먹지는 못하지만... 하루 한끼 밖에 못 먹는 오빠야를 위해 

집에서도 쉽게 만들어 먹을 수 있는 돼지고기짬뽕 황금레시피로

매콤한 짬뽕을 만들었어요:)","[{'step_number': 1, 'description': '팬에 올리브유를 두르고,\n다진마늘(푠마늘 가능), 다진 양파와 대파를 넣어', 'image_url': 'https://recipe1.ezmember.co.kr/cache/recipe/2019/01/10/80897e4458a33bf2bfe04e0be2056e3c1.jpg'}, {'step_number': 2, 'description': '다진마늘(푠마늘 가능), 다진 양파와 대파를 넣어\n투명해 질 때 까지 볶아줍니다.', 'image_url': 'https://recipe1.ezmember.co.kr/cache/recipe/2019/01/10/5bdf94ce6b77c80fcf1c386d804d39de1.jpg'}, {'step_number': 3, 'description': '돼지고기 잡채용은 맛소금 또는 천일염, 후추를 뿌린 후에 조물조물 해주신 후에 팬에 넣어', 'image_url': 'https://recipe1.ezmember.co.kr/cache/recipe/2019/01/10/3147077c9e1c0b9b528f8f4e4c1051aa1.jpg'}, {'step_number': 4, 'description': '함께 볶아줍니다.', 'image_url': 'https://recipe1.ezmember.co.kr/cache/recipe/2019/01/10/62afc0c6c57b021a8722ee372ebd46f41.jpg'}, {'step_number': 5, 'description': '마늘, 양파를 올리브유에 볶아서 기름을 낸 후에,\n돼지고기 양념한걸 볶아서 다 익어 갈 쯤에,', 'image_url': 'https://recipe1.ezmember.co.kr/cache/recipe/2019/01/10/4ac61e0e458bbbcd3916f649b9b0e01a1.jpg'}, {'step_number': 6, 'description': '고추가루, 까나리액젓, 간장을 넣고,', 'image_url': 'https://recipe1.ezmember.co.kr/cache/recipe/2019/01/10/dd25be1e57a9169d7fd7c4e8f961ec5a1.jpg'}, {'step_number': 7, 'description': '볶아줍니다.', 'image_url': 'https://recipe1.ezmember.co.kr/cache/recipe/2019/01/10/1a861b6eedeff839f09ed493b7b36a681.jpg'}, {'step_number': 8, 'description': '손질한 양파, 청양고추를 넣고 볶은 후에,', 'image_url': 'https://recipe1.ezmember.co.kr/cache/recipe/2019/01/10/3fd93f12585490108ebcc4e7bdd00d9a1.jpg'}, {'step_number': 9, 'description': '물 또는 쌀뜬물, 청양고추, 목이버섯\n(저는 전조된 목이버섯이라.. 한번 씻고 물에 불려서 불린불과 함께 넣었어요.) \n멸치 육수도 가능합니다.', 'image_url': 'https://recipe1.ezmember.co.kr/cache/recipe/2019/01/10/1a2481a7ee6f0aa8f512cc5abdf265b31.jpg'}, {'step_number': 10, 'description': '끓이신 후에 기호에 맞게 간 보시고 양념을 추가하시면 됩니다.', 'image_url': 'https://recipe1.ezmember.co.kr/cache/recipe/2019/01/10/7bf26a165ad222f5e9ce868240a8ad3b1.jpg'}, {'step_number': 11, 'description': '완성된 집에서도 쉽게 만들어 먹을 수 있는 돼지고기짬뽕 황금레시피입니다.', 'image_url': 'https://recipe1.ezmember.co.kr/cache/recipe/2019/01/10/02b25f89a9661549c22de5e243ae656b1.jpg'}]"
45421,국/탕,일상,돼지고기,끓이기,뼈다귀해장국~감자탕 - 딸에게#/ 돼지등뼈탕,None,"6,218",None,None,None,"[('돼지등뼈', '1kg'), ('마늘', ''), ('통후추', ''), ('설탕', '1t'), ('굴소스', '1t'), ('소금', '1t'), ('우거지 삶은거', '600g'), ('된장', '2T'), ('청양고추가루', '1T'), ('고추가루', '1t'), ('집간장', '1t'), ('다진마늘', '1T'), ('감자 작은거', '5개'), ('양파', '1개'), ('대파', '1대')]",,[]
45422,국/탕,일상,돼지고기,끓이기,모둠전찌개 만드는법 칼칼한 국물맛 최고닷 명절음식활용,None,857,None,None,None,"[('모둠전', '1접시'), ('콩나물', '1줌'), ('양파', '1/2개'), ('대파', '1/2대'), ('통조림햄', '1개'), ('신김치', '1컵'), ('김칫국물', '1/2컵'), ('쌀뜬물', '900cc'), ('고춧가루', '2큰술'), ('설탕', '1작은술'), ('맛술', '1큰술'), ('고추장', '1큰술'), ('콩가루', '1큰술'), ('국간장', '1큰술'), ('다진마늘', '1큰술')]",,[]
45423,국/탕,일상,돼지고기,끓이기,"50인분 얼큰하고 구수한 돼지고기 순두부찌개/초간단 단체급식, 구내식당 레시피",돼지고기순두부찌개,"4,497",60분 이내,아무나,6인분 이상,"[('순두부', '25봉지'), ('식용유', '적당히'), ('대파', '150g'), ('돼지고기', '1kg'), ('고춧가루', '3큰술'), ('물 총', '8.1L'), ('고추기름', '1큰술'), ('간 건새우가루', '1큰술'), ('혼다시', '1큰술'), ('소금', '1스푼'), ('호박', '1kg'), ('각종채소', '1kg'), ('마늘', '1큰술'), ('후추', '적당히'), ('계란', '10개')]","얼-큰하고 구-수한 순두부찌개 초간단 레시피에요!
꼭 만들어 보세요(ღゝ◡╹)ノ❤","[{'step_number': 1, 'description': '#돼지고기 1kg 볶기\n1. 먼저, 식용유와 참기름을 적당히 둘러줍니다 (*˘◡˘*)', 'image_url': 'https://recipe1.ezmember.co.kr/cache/recipe/2020/08/13/d2026d43f7039e3fb7b214631a59dcab1.jpg'}, {'step_number': 2, 'description': '2. 잘게 썬 대파150g 정도를 넣고 볶아서 파기름을 내주고~', 'image_url': 'https://recipe1.ezmember.co.kr/cache/recipe/2020/08/13/faf47584bfdb8cd73ad96610402107401.jpg'}, {'step_number': 3, 'description': '3. 돼지고기 1kg정도 준비한 다음 ٩(๑❛ᴗ❛)۶', 'image_url': 'https://recipe1.ezmember.co.kr/cache/recipe/2020/08/13/f52539006a7059bca5624b05332c70b21.jpg'}, {'step_number': 4, 'description': '4. 돼지고기 1kg를 넣고 볶아줍니당', 'image_url': 'https://recipe1.ezmember.co.kr/cache/recipe/2020/08/13/311464db58e1893f149bca98001be0ef1.jpg'}, {'step_number': 5, 'description': '5. 고기 볶기 볶기 ♡⃛ლ(╹◡╹ლ)', 'image_url': 'https://recipe1.ezmember.co.kr/cache/recipe/2020/08/13/77110a8c5ed7a835a60afd552f371dee1.jpg'}, {'step_number': 6, 'description': '#고추기름 내기\n1. 고기가 익으면 고춧가루 3큰술을 넣어줍니다', 'image_url': 'https://recipe1.ezmember.co.kr/cache/recipe/2020/08/13/4695b88e547a92fc9e243b193183e1ff1.jpg'}, {'step_number': 7, 'description': '2. 고추기름이 우러나도록 볶아볼게요 ヽ(๑╹◡╹๑)ノ', 'image_url': 'https://recipe1.ezmember.co.kr/cache/recipe/2020/08/13/37a4bc4dde475f161a9e7c73363868f61.jpg'}, {'step_number': 8, 'description': '3. 고춧가루가 타지않게 잘 볶아줍니다', 'image_url': 'https://recipe1.ezmember.co.kr/cache/recipe/2020/08/13/89d1161e2255013d5fe06ae3bc711f8b1.jpg'}, {'step_number': 9, 'description': '4. 다음 물 5.4L를 넣고~ (๑•ㅂ•́)و✧*처음부터 물을 많이 붓지않아요!\n순두부에서 수분이 많이 나오기 때문에 \n뒤에 물을 한번 더 넣을거에요!', 'image_url': 'https://recipe1.ezmember.co.kr/cache/recipe/2020/08/13/b0c4d19be36a65b6fc4f394c7ae1a9821.jpg'}, {'step_number': 10, 'description': '5. 고추기름을 1큰술 정도 넣어준 다음 (σ^∀^)σ*향쿡은 고춧가루를 거르지 않고 사용해요!', 'image_url': 'https://recipe1.ezmember.co.kr/cache/recipe/2020/08/13/fdf1aade2cba13d821aa7107980e71c01.jpg'}, {'step_number': 11, 'description': '#순두부찌개 육수만들기\n1. 순두부 찌개에 들어가는 건새우를 믹서기에 갈아줍니다', 'image_url': 'https://recipe1.ezmember.co.kr/cache/recipe/2020/08/13/9d8c5369d09ff6560c9192b64900971d1.jpg'}, {'step_number': 12, 'description': '2. 간 건새우가루 1큰술을 넣어주고~', 'image_url': 'https://recipe1.ezmember.co.kr/cache/recipe/2020/08/13/3008e75b3a96d555575091e81650a8b91.jpg'}, {'step_number': 13, 'description': '3. 혼다시 1큰술과 소금 1스푼 정도 넣고', 'image_url': 'https://recipe1.ezmember.co.kr/cache/recipe/2020/08/13/b7a2db17014e87cacf6d9a80c51bc47a1.jpg'}, {'step_number': 14, 'description': '4. 한 20분 정도 푹~ 끓여줍니다 (੭•̀ᴗ•̀)੭', 'image_url': 'https://recipe1.ezmember.co.kr/cache/recipe/2020/08/13/44b7cb571275aeed6a91f937af29e4f31.jpg'}, {'step_number': 15, 'description': '5. 20분정도 끓인 국물!', 'image_url': 'https://recipe1.ezmember.co.kr/cache/recipe/2020/08/13/7b66146edd92970923ffab7f219f83291.jpg'}, {'step_number': 16, 'description': '#순두부찌개 만들기\n1. 이제 미리 썰어둔 야채들을 넣어줄게요!\n(호박1kg, 파+양파+청양고추+당근=1kg)', 'image_url': 'https://recipe1.ezmember.co.kr/cache/recipe/2020/08/13/6521af1ef880c849c742fb060932865a1.jpg'}, {'step_number': 17, 'description': '2. 순두부 25봉지! (◍•ᴗ•◍)', 'image_url': 'https://recipe1.ezmember.co.kr/cache/recipe/2020/08/13/ae7d75fd0d710bffd4f41364aa6c973d1.jpg'}, {'step_number': 18, 'description': '3. 순두부의 수분을 빼기 위해서 소쿠리에 미리 담아뒀어요~', 'image_url': 'https://recipe1.ezmember.co.kr/cache/recipe/2020/08/13/f65d3b94fff4bcb181b18810098c09a71.jpg'}, {'step_number': 19, 'description': '4. 야채 위에 순두부 25봉지를 냄비에 넣어줄게요~', 'image_url': 'https://recipe1.ezmember.co.kr/cache/recipe/2020/08/13/6e62da49bfc6530850382864239894b71.jpg'}, {'step_number': 20, 'description': '5. 많은 양이라 자칫하면 순두부가 냄비 바닥에 \n눌어붙어 타기 때문에 야채 위에 순두부를 넣어준 거예요!', 'image_url': 'https://recipe1.ezmember.co.kr/cache/recipe/2020/08/13/0463d8d6ecf96256bd68b1196a7d8c6e1.jpg'}, {'step_number': 21, 'description': '6. 그다음 물 양을 다시 한 번 더 맞춰줍니당\n물 2.7L를 더 부어줄게요!', 'image_url': 'https://recipe1.ezmember.co.kr/cache/recipe/2020/08/13/826b5578b3e8b2ed6d8a854ae0b821681.jpg'}, {'step_number': 22, 'description': '7. 끓기 시작하면 나머지 간을 맞추고 \n마늘 1큰술 넣고 후추도 넣어줍니다*간은 기호에 맞게 조절하세요!', 'image_url': 'https://recipe1.ezmember.co.kr/cache/recipe/2020/08/13/e832d91c2792330e235ec974f6638cba1.jpg'}, {'step_number': 23, 'description': '8. 풀어놓은 계란 10개를 넣고~ (✿❛◡❛ฺฺ)', 'image_url': 'https://recipe1.ezmember.co.kr/cache/recipe/2020/08/13/a074f941ee93a4a97fefdebdef41704b1.jpg'}, {'step_number': 24, 'description': '9. 한소끔 끓이면 50인분 순두부찌개 완성이에요!', 'image_url': 'https://recipe1.ezmember.co.kr/cache/recipe/2020/08/13/40aa3014d7f99de449fdfad608cef5ba1.jpg'}, {'step_number': 25, 'description': '얼-큰하고 구-수한 순두부찌개 꼭 만들어보세용♥', 'image_url': 'https://recipe1.ezmember.co.kr/cache/recipe/2020/08/13/576d3f50061f685f65eed9171961de9e1.jpg'}, {'step_number': 26, 'description': '향쿡의 단체급식 레시피였습니다♥\n[ 50인분 단체급식 얼큰하고 구수한 순두부찌개 만들기 ]', 'image_url': 'https://recipe1.ezmember.co.kr/cache/recipe/2020/08/13/446618d33f102e963299143057ecfa531.jpg'}]"
45424,국/탕,일상,돼지고기,끓이기,항정살 배추된장국~김장배추우거지 활용법,항정살배추된장국,749,30분 이내,아무나,4인분,"[('배추우거지', '350g'), ('돼지고기 항정살', '200g'), ('건표고버섯', '1줌'), ('건다시마 작은크기', '4장'), ('다시멸치', '1줌'), ('다진파', '1줌'), ('청양홍고추', '1개'), ('된장', '2큰술'), ('다진마늘', '1작은술'), ('후추가루', '1번'), ('소금', '')]",김장하면서 배추우거지를 삶아서 항정살과 된장국을 끓여봤어요,"[{'step_number': 1, 'description': '물1L에 건다시마/건표고버섯/다시멸치를 넣고 10분간 육수를 끓여주세요', 'image_url': 'https://recipe1.ezmember.co.kr/cache/recipe/2020/11/22/0732061781beceb0b8dfa52efb40308e1.jpg'}, {'step_number': 2, 'description': '배추를 데쳐서 찬물에 씻은후에 작은크기로 쫑쫑 썰어주세요', 'image_url': 'https://recipe1.ezmember.co.kr/cache/recipe/2020/11/22/eac8dbfaed1a31bf5825c78c1d158d6f1.jpg'}, {'step_number': 3, 'description': '대파를 쫑쫑썰어서 준비해주시고 청양홍고추1개를 썰어준비해주세요', 'image_url': 'https://recipe1.ezmember.co.kr/cache/recipe/2020/11/22/bd17c31217f431b3fb52a66715dbd85c1.jpg'}, {'step_number': 4, 'description': '1번육수뺀곳에 건표고버섯만 냅두고 건져내고 된장을 풀고 항정살을 작게 썰어서 넣어주세요\n저는 썰어서 소분해서 냉동시켰던것을 넣어주었어요', 'image_url': 'https://recipe1.ezmember.co.kr/cache/recipe/2020/11/22/ff2e6e6c44045dd46e80922c3913cbca1.jpg'}, {'step_number': 5, 'description': '썰어두었던 배추데친것을 넣어주시고 다진마늘을 넣고 후추가루 한번만톡쳐서 넣고 10분간 펄펄 끓여주세요', 'image_url': 'https://recipe1.ezmember.co.kr/cache/recipe/2020/11/22/90efa3dd37edad7e2d33c519a6c218711.jpg'}, {'step_number': 6, 'description': '썰어둔 대파와 홍고추를 넣고 3~5분을 더 끓여주시면 완성이네요\n마지막에 간을 보시고 싱거우시면 소금을 넣어주시면 되세요', 'image_url': 'https://recipe1.ezmember.co.kr/cache/recipe/2020/11/22/66ef6981e26e9272d05d5565563bbc971.jpg'}, {'step_number': 7, 'description': '배추의 달큰한맛과 항정살의 묵직함이 잘어울리는 된장국이 되었네요', 'image_url': 'https://recipe1.ezmember.co.kr/cache/recipe/2020/11/22/f82494817ac5c701985e5f8f5d2aa8a61.jpg'}]"
45425,국/탕,일상,돼지고기,끓이기,돼지등뼈감자탕 집에서 끓였더니 더 맛있당!,돼지등뼈감자탕,"6,302",2시간 이상,중급,6인분 이상,"[('돼지등뼈', '4kg'), ('얼갈이배추', '2단'), ('감자', '7개'), ('양파', '2개'), ('대파잎', '1줌'), ('생강', '4쪽'), ('청양고추', '6개'), ('소금', '적당량'), ('들깨가루', '8'), ('된장', '4'), ('고추가루', '8'), ('다진마늘', '4'), ('다진생강', '2'), ('맛술', '4'), ('매실액', '4'), ('후추', '1/3'), ('물', '1컵')]",화확조미료를 넣지 않은 정직하고 건강한 우리집표 감자탕은 묵은지를 넣어 만드는 것 과 얼갈이배추를 넣는 것 두가지 버젼이 있는데요. 오늘은 얼갈이배추를 넣은 등뼈 감자탕을 만들어볼께요.,"[{'step_number': 1, 'description': '돼지등뼈의 핏물 제거를 위해 3시간 정도 찬물에 담궈주세요. 이때 1시간 마다 등뼈 담근 물을 교체해주세요.', 'image_url': 'https://recipe1.ezmember.co.kr/cache/recipe/2020/07/25/0f83e1a2118681af47574e1b529c0d621.jpg'}, {'step_number': 2, 'description': '분량의 양념장 재료를 함 께 섞고 양념장을 만든 다음 숙성시켜주세요.', 'image_url': 'https://recipe1.ezmember.co.kr/cache/recipe/2020/07/25/5638edbf3a442414d06ba0f7251a2dc01.jpg'}, {'step_number': 3, 'description': '얼갈이배추를 깨끗이 씻은 다음 끓는 물에 데쳐 준비해주세요.', 'image_url': 'https://recipe1.ezmember.co.kr/cache/recipe/2020/07/25/2ef148953ad15c57a31e9880c4b1a9931.jpg'}, {'step_number': 4, 'description': '감자는 껍질을 벗기고 통 감자 상태로 준비해주세요.', 'image_url': 'https://recipe1.ezmember.co.kr/cache/recipe/2020/07/25/03edafe8285cb12b119af1ef984f65a91.jpg'}, {'step_number': 5, 'description': '핏물 제거가 끝난 등뼈를 깨끗이 씻어 물기를 제거 해주세요. \xa0오래동안 푹 끓여내는 감자탕은 한꺼 번에 많은 양을 끓여야 맛 있드라구요. 그래서 저는 시판 돼지등뼈 2팩을 준비했어요~ㅎ', 'image_url': 'https://recipe1.ezmember.co.kr/cache/recipe/2020/07/25/2052343b74146a41b6bdb5dcf982c5c11.jpg'}, {'step_number': 6, 'description': '끓는 물에 등뼈를 넣고 10분 정도 끓인\xa0다음 불순물을 깨끗이 씻어주세요.', 'image_url': 'https://recipe1.ezmember.co.kr/cache/recipe/2020/07/25/65565a71987c32e533d072fb81b50f031.jpg'}, {'step_number': 7, 'description': '깨끗이 씻은 등뼈를 냄비 에 넣고 등뼈가 푹 잠기도 도록 물을 부어준 다음 대 파, 양파, 생강을 넣고 끓어오르면 중불에 1시간 정도 끓여주세요.', 'image_url': 'https://recipe1.ezmember.co.kr/cache/recipe/2020/07/25/305d831bbbe0d4862f4975dd3b506d301.jpg'}, {'step_number': 8, 'description': '1시간 후 양파와 대파, 생 강을 건져주세요.', 'image_url': 'https://recipe1.ezmember.co.kr/cache/recipe/2020/07/25/8ead88090baa5eb9ffcb9010150f7ca31.jpg'}, {'step_number': 9, 'description': '데쳐놓은 얼갈이배추와 감 자를 넣고 양념장을 풀어 주세요. 이때 부족한 간은 소금으로 조절해주세요.', 'image_url': 'https://recipe1.ezmember.co.kr/cache/recipe/2020/07/25/6751b4c6495edb283b6e13ea0ed25d121.jpg'}, {'step_number': 10, 'description': '얼갈이, 감자 투입 후 20 분간 더 끓인 다음 청양고 추, 들깨가루로 마무리해 주면 얼큰한 등뼈감자탕이 완성돼요.', 'image_url': 'https://recipe1.ezmember.co.kr/cache/recipe/2020/07/25/f667aa6c2cd51071316eb858ae49ccd21.jpg'}]"
45426,국/탕,일상,돼지고기,끓이기,돼지내장탕 # 진국 # 돼지국밥 # 모듬내장요리,돼지내장탕,"13,510",30분 이내,초급,4인분,"[('모듬내장', '3덩이'), ('양파 껍질', '1줌'), ('파뿌리', '2T'), ('양배추', '1조각'), ('된장', '2T'), ('무', '1토막'), ('배추', '1줌'), ('팽이버섯', '1/2팩'), ('대파 초록부분', '1개'), ('미향', '2T'), ('고추가루', '1T'), ('참기름', '1/2T'), ('새우젓', '2.5T'), ('멸치액젓', '1T'), ('다진마늘', '1.5T'), ('들깨가루', '적당량'), ('후춧가루', '톡톡'), ('생강가루', '톡톡')]",국물이 진하고 깔끔한 내장탕(국) ! 돼지 냄새가 안나고 내장은 쫄깃쫄깃해요,"[{'step_number': 1, 'description': '모듬내장을 냉장고에서 해동한 후 남비에 넣기 전에 씻어주세요', 'image_url': 'https://recipe1.ezmember.co.kr/cache/recipe/2020/08/01/118fbd8a3c0997a4ad1e8949391a0f2d1.jpg'}, {'step_number': 2, 'description': '남비에 양파 껍질, 파뿌리, 양배추 1조각, 된장 2T, 물을 넣고 센불에 내장을 끓여주세요', 'image_url': 'https://recipe1.ezmember.co.kr/cache/recipe/2020/08/01/7497da13f66e290d581ba9e5526fe2e51.jpg'}, {'step_number': 3, 'description': '끓기 시작하면 3분 더 끓인 후 집게로 내장을 꺼내서 납작하게 썰어 주세요', 'image_url': 'https://recipe1.ezmember.co.kr/cache/recipe/2020/08/01/a268b0758b370236274ad95cc37a88e41.jpg'}, {'step_number': 4, 'description': '무를 납작하게 썰어 주세요', 'image_url': 'https://recipe1.ezmember.co.kr/cache/recipe/2020/08/01/41551fc68676f880671f18295810729f1.jpg'}, {'step_number': 5, 'description': '남비에 식용유 서너방울 넣고 센불에 무를 볶아주세요', 'image_url': 'https://recipe1.ezmember.co.kr/cache/recipe/2020/08/01/a07ec7f1f50f61733ac9231f424ee2321.jpg'}, {'step_number': 6, 'description': '썰어 놓은 내장( 여기에 간은 안넣었어요)을 넣고 미향 2T 고추가루 1T 참기름 1/2T 두르고 무와 같이 볶아주세요', 'image_url': 'https://recipe1.ezmember.co.kr/cache/recipe/2020/08/01/2fbebad07f248c2f8b2187c9a529ca4e1.jpg'}, {'step_number': 7, 'description': '여기에 물 1.5리터 넣고 센불에 끓여 줍니다 끓어오르면 중불로 줄이고 20분정도 푹 끓여 주세요', 'image_url': 'https://recipe1.ezmember.co.kr/cache/recipe/2020/08/01/c9376aa4886d97a4546abe42fde19ada1.jpg'}, {'step_number': 8, 'description': '배추를 납작하게 썰고 팽이버섯을 잘게 잘라 주세요', 'image_url': 'https://recipe1.ezmember.co.kr/cache/recipe/2020/08/01/91449d9647d689a4823292e5876d84521.jpg'}, {'step_number': 9, 'description': '뽀얀 국물이 우러나오면 배추와 팽이버섯을 넣고 저어주세요', 'image_url': 'https://recipe1.ezmember.co.kr/cache/recipe/2020/08/01/1386a301f9a3a04cafd4f4b3ad83929a1.jpg'}, {'step_number': 10, 'description': '새우젓 2T 젓국 1/2T 멸치액젓 1T 다진마늘 1.5T 넣고 섞어주세요 좀더 끓인 후 간을 봅니다', 'image_url': 'https://recipe1.ezmember.co.kr/cache/recipe/2020/08/01/90b2dfda610b4d0450930b859c365c341.jpg'}, {'step_number': 11, 'description': '대파를 큼직하게 썰어 넣고 후춧가루와 생강가루를 톡톡 두번 뿌리고 섞어주세요', 'image_url': 'https://recipe1.ezmember.co.kr/cache/recipe/2020/08/01/3e21ff0e6bdc39ae571222b1c8fd3dd81.jpg'}, {'step_number': 12, 'description': '끓여서 건진 간은 얇게 썰어서 새우젓을 찍어 먹어요 들깨가루를 적당량 넣어서 먹어요', 'image_url': 'https://recipe1.ezmember.co.kr/cache/recipe/2020/08/01/de1c04242f09a6ad20f48f46e0ae61411.jpg'}]"
45427,국/탕,일상,돼지고기,끓이기,돼지고기 미역국,돼지고기미역국,"23,887",60분 이내,초급,6인분 이상,"[('미역', '4줌'), ('돼지고기 앞다리살', '250g'), ('멸치액젓', '3T'), ('소금', '1/2T'), ('참기름', '2T'), ('미향', '1T')]",부들부들 뜨끈한 미역국 언제 먹어도 맛있어요,"[{'step_number': 1, 'description': '미역을 불리니까 양이 많네요 먹기 좋게 잘라서', 'image_url': 'https://recipe1.ezmember.co.kr/cache/recipe/2020/03/23/40f6d5a20d8fdde568cf5ba0ebc629ed1.jpg'}, {'step_number': 2, 'description': '앞다리살을 살쪽으로 큼직하게 썰어서', 'image_url': 'https://recipe1.ezmember.co.kr/cache/recipe/2020/03/23/d2b3466bb725b95c5abbbca23cbef8c11.jpg'}, {'step_number': 3, 'description': '멸치액젓 3T 참기름 2T 미향 1T 넣고 센불에 볶아주세요', 'image_url': 'https://recipe1.ezmember.co.kr/cache/recipe/2020/03/23/5909fcc7e54e7accbb06e65e6c9a2c891.jpg'}, {'step_number': 4, 'description': '물을 넉넉히 붓고 끓여주세요', 'image_url': 'https://recipe1.ezmember.co.kr/cache/recipe/2020/03/23/71f6ff15312649858c00c17c943f405b1.jpg'}, {'step_number': 5, 'description': '센불에 끓여 주다가 중불로 충분히 끓여 주세요 간을보고 소금 1T 멸치액젓 1T 추가했어요 아이는 싱겁다고 소금을 추가해서 먹었어요', 'image_url': 'https://recipe1.ezmember.co.kr/cache/recipe/2020/03/23/34d0b9b440f5bb48e49d019e9fc760951.jpg'}]"
45428,국/탕,일상,돼지고기,끓이기,애호박찌개 레시피,애호박찌개,"1,128",20분 이내,아무나,3인분,"[('돼지고기 앞다리살                                                                                또는 목살', '300g'), ('애호박', '1/2개'), ('대파', '약간'), ('느타리버섯', '약간'), ('고추장', '1스푼'), ('고춧가루', '1스푼'), ('다진마늘', '2스푼'), ('국간장', '2스푼'), ('새우젓', '1스푼')]",칼칼하고 고기 잔~~뜩 들어있어서 밥말아먹으면 딱 좋은 애호박찌개 레시피!,"[{'step_number': 1, 'description': '고추장 1, 고춧가루 1, 다진마늘 2, 국간장 2, 새우젓 1 넣어서 양념장 만들어두기볼', 'image_url': 'https://recipe1.ezmember.co.kr/cache/recipe/2023/11/01/bf583852954965f3918151d744600eae1.jpg'}, {'step_number': 2, 'description': '참기름을 두르고 앞다리살 또는 목살을 볶아주세요냄비 , 요리스푼', 'image_url': 'https://recipe1.ezmember.co.kr/cache/recipe/2023/11/01/80dd1d70e61871915fc0c4d0841a53aa1.jpg'}, {'step_number': 3, 'description': '들들들~~ 고기 많이많이~~~', 'image_url': 'https://recipe1.ezmember.co.kr/cache/recipe/2023/11/01/3a74f8c263ee9a7145b1014e24b07cb81.jpg'}, {'step_number': 4, 'description': '고기를 볶다가 물 500ml 넣고 양념장도 투하', 'image_url': 'https://recipe1.ezmember.co.kr/cache/recipe/2023/11/01/5c850e33724ed904b7e6f834b8ac56841.jpg'}, {'step_number': 5, 'description': '보글보글 끓여주기', 'image_url': 'https://recipe1.ezmember.co.kr/cache/recipe/2023/11/01/67362815e2d158702617528f0d472fe51.jpg'}, {'step_number': 6, 'description': '보글보글 끓으면 애호박과 버섯도 넣어주기 다 넣어주고 맛보고 부족한 간은 새우젓이나 멸치액젓 추가해주세요! 전 멸치액젓 1스푼 더 넣어줬어요!도마 , 조리용나이프', 'image_url': 'https://recipe1.ezmember.co.kr/cache/recipe/2023/11/01/26441de32bd8d94ffc286ccf396695601.jpg'}, {'step_number': 7, 'description': '고기가득한 애호박찌개! 밥말아먹어도 짱맛~ 맛있게 만들어드세요국자 , 대접', 'image_url': 'https://recipe1.ezmember.co.kr/cache/recipe/2023/11/01/414ef7a65091dada339ae2a1e2f0fe741.jpg'}]"
45429,국/탕,일상,돼지고기,끓이기,감칠맛 진한 돼지고기 고추장찌개 끓이기,돼지고기고추장찌개,393,30분 이내,아무나,2인분,"[('목살', '250g'), ('버섯', '1줌'), ('두부', '1/2모'), ('감자', '1개'), ('양파', '1/2개'), ('대파', '1/2대'), ('청양고추', '1개'), ('깻잎', '4~5장'), ('시판 고추장', '1/2컵'), ('간장', '4T'), ('조청', '4T'), ('마늘', '1.5T'), ('고추가루', '1/2T'), ('식용유', '1/2T'), ('소주', '조금'), ('후추', '조금')]",요 찌개는 먹는 날 보다 전날 끓이시는 것을 추천드립니다. 전날 끓인 고추장찌개를 한번 더 끓이면 맛이 2배는 진하고 깊어지거든요. 고소한 기름에 지져진 명절을 보낸 뒤 칼칼한 찌개가 생각나 호다닥 끓이고 다음날 점심 영감과 한끼 맛점했답니다. 집마다 고유의 맛 눅진함 정도가 다른데요. 요건 묵직하니 달큰한 맛에 밥비벼먹기 딱이여요.,"[{'step_number': 1, 'description': '먼저 섞는 양념을 고루 섞어주시구요. 감자, 양파, 대파, 청양고추, 깻잎 등의 야채를 깨끗히 씻어 주시고 컷팅해주세요. 감자와 양파는 카레 생각하시고 잘라주심 되고 대파와 청양고추는 슬라이스해주시면 됩니다.냄비', 'image_url': 'https://recipe1.ezmember.co.kr/cache/recipe/2023/11/14/5bf6ade7f060892d850588424abeeb0d1.jpg'}, {'step_number': 2, 'description': '요 찌개에는 돼지고기를 사용했는데요. 삽겹살과 같이 비계가 풍부한 부위는 기름 안내주고 그냥 볶는데요. 목살과 같이 살코기가 많은 부위는 고추기름을 살짝 내주어도 괜찮더라구요. 약불에다가 식용유 1/2T 정도 살짝 넣고 마늘 1/2T와 고추가루 1/2T를 볶습니다.냄비 , 국자약불', 'image_url': 'https://recipe1.ezmember.co.kr/cache/recipe/2023/11/14/cfc40048a322f3ac0b1bbfa4c9955fe91.jpg'}, {'step_number': 3, 'description': '매큰한 향이 올라오면 불을 중불정도로 올리고 고기를 넣고 볶습니다.', 'image_url': 'https://recipe1.ezmember.co.kr/cache/recipe/2023/11/14/fed7bc44f3c707c82b30112d8ac5424b1.jpg'}, {'step_number': 4, 'description': '전날 부터 끓이는 찌개이기 때문에 고기도 듬성듬성 큼직하게 썰어주었습니다. 요게 밥과 비벼먹으면 맛있어서 진짜 카레 끓이 듯이 건더기를 풍성하게 준비하거든요. 고기 볶을 때 소주도 살짝 부어 잡내날리고 후추도 살짝 뿌려 향미를 더합니다.도마 , 조리용나이프', 'image_url': 'https://recipe1.ezmember.co.kr/cache/recipe/2023/11/14/759077716b3789b828fbfa6ca612205a1.jpg'}, {'step_number': 5, 'description': '고기에서 나온 기름에다가 양파와 감자를 볶아줍니다.', 'image_url': 'https://recipe1.ezmember.co.kr/cache/recipe/2023/11/14/e843250c97321bd8fb9256056c39cea71.jpg'}, {'step_number': 6, 'description': '어느정도 볶고 양념장을 투하하였습니다.', 'image_url': 'https://recipe1.ezmember.co.kr/cache/recipe/2023/11/14/c0231c3e603aef05e50cfcd5b2bb11dd1.jpg'}, {'step_number': 7, 'description': '물은 종이컵 1컵 반 ! 300ml 정도 부어주세요.', 'image_url': 'https://recipe1.ezmember.co.kr/cache/recipe/2023/11/14/1db2224d41da262c68dbefd4a9c876d61.jpg'}, {'step_number': 8, 'description': '바글바글 끓으면 버섯도 크게 한줌 풍성하게 넣어줍니다.\n키친타올로 물기를 제거한 두부도 반모 썰어서 넣어줍니다.', 'image_url': 'https://recipe1.ezmember.co.kr/cache/recipe/2023/11/14/ae3a53db84b8e8417cd41ec8f27dd9991.jpg'}, {'step_number': 9, 'description': '버섯이 숨이 죽고 두부를 넣어 끓이며 국물이 더 넉넉해진 느낌입니다. 여기서 청양고추를 쫑쫑 넣어주고 불을 껐어요.', 'image_url': 'https://recipe1.ezmember.co.kr/cache/recipe/2023/11/14/d25142a19232408c17d6209a9ef9b7421.jpg'}, {'step_number': 10, 'description': '전날 끓였던 찌개는 다음날 점심 요렇게 더 진해졌습니다. 이 상태에서 한번 더 대파를 넣고 바글바글 끓이고 깻잎은 손맛으로 툭툭 찢어 마무리로 얹어주심 완성입니다', 'image_url': 'https://recipe1.ezmember.co.kr/cache/recipe/2023/11/14/54dfaa49bcdcf7f9db24074f4273b5871.jpg'}, {'step_number': 11, 'description': '반숙후라이와 오이무침과 곁들인 고추장찌개! 별다른 반찬 없이도 밥 한공기 뚝딱 입니다.', 'image_url': 'https://recipe1.ezmember.co.kr/cache/recipe/2023/11/14/1ca18735862d3d1554e00b26b3718b961.jpg'}]"
45430,국/탕,일상,돼지고기,끓이기,감자탕 끓이는 법 돼지등뼈 요리 우거지 뼈다귀 해장국 레시피,감자탕,"2,300",60분 이내,초급,5인분,"[('돼지등뼈', '2kg'), ('느타리버섯', '넉넉히'), ('한입 감자', '5개'), ('대파', '2대'), ('다진마늘', '2큰술'), ('홍고추', '1개'), ('풋고추', '1개'), ('월계수잎', '5~6장'), ('맛술                                                                                or 소주', '1컵'), ('우거지', '듬뿍'), ('된장', '1.5큰술'), ('고춧가루', '2큰술'), ('들깨가루', '2큰술'), ('소금', '1.5큰술'), ('멸치액젓', '1큰술')]",날씨가 쌀쌀해지고 갑자기 추워져 따뜻한 국물이 딱!! 생각이 납니다. 주말에 친정에 갔더니 엄마가 돼지등뼈를 사 오셨다고 하셔서 엄마랑 같이 우거지 듬뿍 넣은 뼈다귀 해장국을 만들어 봤답니다.,"[{'step_number': 1, 'description': '감자등뼈 2kg을 찬물에 담가 최소 1시간 이상 핏물을 제거해 주시고, 압력밥솥에 차 1차 한번 끓여 불순물을 제거해 주세요.볼냉동뼈보다 냉장뼈 추천해요.', 'image_url': 'https://recipe1.ezmember.co.kr/cache/recipe/2023/12/04/20dd2eb21e1f08b3ad7d940ac727e6511.jpg'}, {'step_number': 2, 'description': '1차 데치기 핏물을 빼고 난 뒤 월계수 잎을 2~3장, 소주 1컵 정도 넣고 끓입니다. 1차 데친 물은 버리고 등뼈를 흐르는 물에 불순물을 제거하고 깨끗하게 씻어 줍니다.냄비', 'image_url': 'https://recipe1.ezmember.co.kr/cache/recipe/2023/12/04/a718e9ca64964e8a9f0c8ccd07c9b7a21.jpg'}, {'step_number': 3, 'description': '2차 끓이는 법 깨끗하게 씻은 등뼈를 넣고, 돼지등뼈가 잠길 정도 물을 넣어주세요. 그런 다음 월계수잎 3~4장을 넣고, 뚜껑을 닫고 강불에 끓이다가 끓으면 약불로 조절해 주고 30분 정도 푹 삶아주세요.강불->약불', 'image_url': 'https://recipe1.ezmember.co.kr/cache/recipe/2023/12/04/d43c2d4669aca04b2a8162d624566f231.jpg'}, {'step_number': 4, 'description': '우거지 양념 돼지등뼈 삶고 있는 중에 우거지 양념해 주세요. 우거지를 먹기 좋게 자르고, 된장 1.5 큰 술, 고춧가루 2 큰 술, 들깨가루 2 큰 술을 넣고 조물조물해 주세요.믹싱볼', 'image_url': 'https://recipe1.ezmember.co.kr/cache/recipe/2023/12/04/861ef4841ff07681c6e0553bed00e3b41.jpg'}, {'step_number': 5, 'description': '야채 다듬기 느타리버섯이 두꺼우면 결로 찢어주시고, 알감자는 한입 먹기 좋게 잘라주세요. 그리고 고추는 총총 썰어주시고, 마늘은 다져줍니다.도마 , 조리용나이프', 'image_url': 'https://recipe1.ezmember.co.kr/cache/recipe/2023/12/04/a458d6af5561004a3fcc9af96efb5c421.jpg'}, {'step_number': 6, 'description': '30분 정도 삶았으면, 양념된 시래기를 넣고, 감자,버섯, 다진 마늘, 고추를 모두 넣어주세요.', 'image_url': 'https://recipe1.ezmember.co.kr/cache/recipe/2023/12/04/de84db1b514152f11c6ac3dd8b96988b1.jpg'}, {'step_number': 7, 'description': '간을 보시고 소금 1.5 큰 술, 멸치 액젓 1 큰 술을 넣어 간을 맞춰줍니다. 10~20분 정도 중불에 끓여주시면 깔끔하고 칼칼하고 구수한 뼈다귀 해장국이 완성이 됩니다.중불->약불', 'image_url': 'https://recipe1.ezmember.co.kr/cache/recipe/2023/12/04/6e0823601198717cff44785ed89990721.jpg'}]"
45431,국/탕,일상,돼지고기,끓이기,감자탕 만드는법 맛보장 뼈해장국 레시피,감자탕,"9,006",2시간 이상,중급,3인분,"[('돼지등뼈', '1.7kg'), ('시래기', '2줌'), ('설탕', '1~2T'), ('양파', '1개'), ('고춧가루', '3T'), ('간장', '5T'), ('액젓', '3T'), ('다진마늘', '2T'), ('맛술', '2T'), ('들깨가루', '5T'), ('된장', '2T'), ('고추장', '1T')]","집에서 해먹으면 단돈 7천원도 안되는 가격에 깊고 진한 실패 없는 감자탕을 만들 수 있답니다! 저는 시래기를 넣어 만들었지만 취향에 맞게 배추, 묵은지, 깻잎 등 다양한 재료들을 넣어 만들어 먹어도 잘 어울리는 한 끼랍니다","[{'step_number': 1, 'description': '돼지고기 등뼈 약 1.7KG는 1시간 동안 물에 담가 핏기를 빼주세요믹싱볼설탕 1~2스푼을 넣으면 더 빠르게 핏물을 빼줄 수 있답니다', 'image_url': 'https://recipe1.ezmember.co.kr/cache/recipe/2023/12/11/fb691f9bb4199de86aa16b9f62f4866c1.jpg'}, {'step_number': 2, 'description': '고기 핏물을 빼는 동안 양념장 만들기 고춧가루 3스푼, 간장 5스푼, 액젓 3스푼, 다진마늘 2스푼, 맛술 2스푼, 들깨가루 5스푼, 된장 2스푼, 고추장 1스푼볼 , 숟가락', 'image_url': 'https://recipe1.ezmember.co.kr/cache/recipe/2023/12/11/c790a439d2ce4fecb535cc574042b8a91.jpg'}, {'step_number': 3, 'description': '1시간 후 핏물을 버리고 냄비에 새 물을 받아 팔팔 끓여주기 월계수잎, 소주 등을 넣어 약 10분간 팔팔 끓여준 후 고기는 찬물에 씻어 기름 등을 제거해 주세요냄비', 'image_url': 'https://recipe1.ezmember.co.kr/cache/recipe/2023/12/11/52dc0726d13962d2b04c4dee8341a3241.jpg'}, {'step_number': 4, 'description': '씻은 고기는 다시 냄비에 새물 받아서 양파 1개 넣어찜기에 1시간 30분 동안 고아주기 가스레인지에 끓일 경우 센 불에 끓이다가 끓어오르면 1시간 30분~2시간 동안 끓여주세요', 'image_url': 'https://recipe1.ezmember.co.kr/cache/recipe/2023/12/11/fe223bede8c9e9c7f324bd597e92e7c61.jpg'}, {'step_number': 5, 'description': '1시간 30분 뒤에 양파는 건져내고요리스푼 , 거름망', 'image_url': 'https://recipe1.ezmember.co.kr/cache/recipe/2023/12/11/000f5758eef81ba26315498e8061574c1.jpg'}, {'step_number': 6, 'description': '만들어둔 양념장 모두 넣어주세요', 'image_url': 'https://recipe1.ezmember.co.kr/cache/recipe/2023/12/11/72dacd09d0ac904f6522d039109851011.jpg'}, {'step_number': 7, 'description': '양념장 모두 넣은 후 찜기에 1시간 동안 끓여주기 마찬가지로 가스레인지에 끓일 경우 1시간~1시간 30분 동안 끓여주세요 감자 넣으실 분은 중간에 감자 넣어 함께 익혀주세요!', 'image_url': 'https://recipe1.ezmember.co.kr/cache/recipe/2023/12/11/870b12da24bff579c97a5b6a68893caa1.jpg'}, {'step_number': 8, 'description': '1시간 30분 뒤에 집게로 고기를 들어 고기 살이 잘 발라진다면 고기 익힘은 완성이에요~! 시래기, 배추 등 취향에 맞게 넣어주세요 저는 데친 시래기 두 줌 넣었어요도마 , 조리용나이프', 'image_url': 'https://recipe1.ezmember.co.kr/cache/recipe/2023/12/11/aabe4b2bb39dfca022a96e91bf5465ce1.jpg'}, {'step_number': 9, 'description': '데친 시래기 넣고 끓어오르면 드시기 전에 한 번 더 들깨가루 1~2스푼 넣어 드세요모자란 간은 간장을 넣어주세요', 'image_url': 'https://recipe1.ezmember.co.kr/cache/recipe/2023/12/11/760d827961dded4b602ca5cbb0e27b0a1.jpg'}, {'step_number': 10, 'description': '오랜 시간 푹 끓여 냈더니 야들야들 부드러운 돼지등뼈가 완성되었어요', 'image_url': 'https://recipe1.ezmember.co.kr/cache/recipe/2023/12/11/22fc1b4192461ac25ca77d71060a15821.jpg'}]"
45432,국/탕,일상,돼지고기,끓이기,알배추 뼈다귀탕,알배추뼈다귀탕,231,90분 이내,초급,4인분,"[('돼지등뼈', '1.5kg'), ('무', '약간'), ('알배추', '약간'), ('된장', '2T'), ('소주', '1/3병'), ('월계수잎', '조금'), ('양파', '1/2개'), ('멸치액젓', '2T'), ('고추가루', '4T'), ('파프리카가루', '1T'), ('들깨가루', '5T'), ('다진마늘', '2T'), ('생강가루', '1T')]","시래기도 없구, 묵은지도 없다. 근데 뼈다귀찜 맛이 그립다면 집에 보관중인 알배추 & 무라도 넣구 보글보글 끓여보세요.","[{'step_number': 1, 'description': '압력솥에 뼈다구와 소주,된장,월계수잎을 넣어서 대략 40분정도 끓여주세요압력솥 , 조리용스푼강불에서 중불로 옮겨서 끓여주세요뼈다구는 미리 물에 30분이상 피를 빼주시면 잡내도 제거되고 좋아요', 'image_url': 'https://recipe1.ezmember.co.kr/cache/recipe/2023/12/17/d6f7741a749c35d354b38aca3e46e6c31.jpg'}, {'step_number': 2, 'description': '알배추,무,양파는 정당한 크기로 잘라주세요.도마 , 조리용나이프', 'image_url': 'https://recipe1.ezmember.co.kr/cache/recipe/2023/12/17/5f4deedc26aeb5271cd4f19e3d35762c1.jpg'}, {'step_number': 3, 'description': '끓으면 식힌다음 압력솥 뚜껑을 열어서 불순물들을 거름망으로 모두 겉어준다음 큰 냄비에 뼈다구를 옮겨 담아주세요', 'image_url': 'https://recipe1.ezmember.co.kr/cache/recipe/2023/12/17/298a546602872e5df17426c6e6477c121.jpg'}, {'step_number': 4, 'description': '썰어두 무, 알배추, 양파와 만들어둔 양념을 넣구 마지막으로 육수도 넣구 30분이상 충분히 끓여주세요묵은지와 감자가 있다면 같이 넣어주시면 더 좋구요.', 'image_url': 'https://recipe1.ezmember.co.kr/cache/recipe/2023/12/17/b0bc769708dc11cf03f9e07a18ce04371.jpg'}, {'step_number': 5, 'description': '깻잎을 적당한 크기로 썰어서 넣어주시면 됩니다.팽이버섯, 대파등을 더 넣어주셔도 좋겠죠', 'image_url': 'https://recipe1.ezmember.co.kr/cache/recipe/2023/12/17/b97230a71192c80b658b8bbfecb1270c1.jpg'}]"
45433,국/탕,일상,돼지고기,끓이기,뼈다귀감자탕 대파 버섯 듬뿍 넣고 담백하게,뼈다귀감자탕,211,90분 이내,초급,6인분 이상,"[('돼지등뼈 감자탕용', '2kg'), ('감자', '2개'), ('대파', '2대'), ('양파', '2개'), ('느타리버섯', '넉넉히'), ('팽이버섯', '1봉지'), ('깻잎', '6장'), ('된장', '3큰술'), ('맛술', '3큰술'), ('다진마늘', '1큰술'), ('국간장', '3큰술'), ('고추장', '1큰술'), ('설탕', '1큰술'), ('고춧가루', '1큰술'), ('후춧가루', '적당히')]",어느새 어제가 5월 1일 오늘이 5월 2일이 되었네요 2024년 새해가 지난지 얼마 안된것 같은데요 시간이 너무 빨리 지나가네요 어제 저희집 남편은 근로자의날 자기의 날이라며 새벽 바다낚시를 갔어요 저는 오전에 볼일보러 밖에 나왔다가 집에 오는 길에 재래시장에 들러서 감자탕용 돼지뼈 2kg에 1만원에 구입했어요 지난번에 구입해 놓은 감자가 몇개 남아 있었는데요 뼈다귀감자탕을 끓여 보고싶더고요,"[{'step_number': 1, 'description': '돼지뼈 1시간 정도 핏물 빼주고요볼', 'image_url': 'https://recipe1.ezmember.co.kr/cache/recipe/2024/05/02/97ceab92170d64d4e12548dd1d087c5a1.jpg'}, {'step_number': 2, 'description': '커다란 냄비에 돼지뼈 넣고 차가운 물을 가득 넣고 센불에서 팔팔 끓입니다 타이머 50분 맞추고 끓였어요냄비', 'image_url': 'https://recipe1.ezmember.co.kr/cache/recipe/2024/05/02/9cc3955c4f3df78d571740344e91f5e31.jpg'}, {'step_number': 3, 'description': '올라오는 불순물 거품 틈틈이 걷어냅니다국자', 'image_url': 'https://recipe1.ezmember.co.kr/cache/recipe/2024/05/02/9d1a5a61fa0795e6911706bbf56366471.jpg'}, {'step_number': 4, 'description': '국자에 된장 3큰술 넣고 국물에 잘 풀어주었어요', 'image_url': 'https://recipe1.ezmember.co.kr/cache/recipe/2024/05/02/99c883893f7ebd08dfa7f89e25f8d5011.jpg'}, {'step_number': 5, 'description': '국간장 3큰술 넣고', 'image_url': 'https://recipe1.ezmember.co.kr/cache/recipe/2024/05/02/c7f08a40648f76ec8c3c44058edd9f791.jpg'}, {'step_number': 6, 'description': '미림 3큰술 넣고', 'image_url': 'https://recipe1.ezmember.co.kr/cache/recipe/2024/05/02/e1c8ecd481a86b4948e0245e6f5f1de21.jpg'}, {'step_number': 7, 'description': '소주 3큰술 넣어줍니다', 'image_url': 'https://recipe1.ezmember.co.kr/cache/recipe/2024/05/02/48ca759bca451f4df0445897e9f0ce3b1.jpg'}, {'step_number': 8, 'description': '다진마늘 한큰술 넣고', 'image_url': 'https://recipe1.ezmember.co.kr/cache/recipe/2024/05/02/1f89d1339e4de43ac759f3d8bd8915801.jpg'}, {'step_number': 9, 'description': '양파 썰어서 넣어주기양파 손질법', 'image_url': 'https://recipe1.ezmember.co.kr/cache/recipe/2024/05/02/9ddcda2cae400e24968319e650817af81.jpg'}, {'step_number': 10, 'description': '대파는 송송썰어서 넉넉하게 넣고 중불 조절해서 끓여줍니다도마 , 조리용나이프', 'image_url': 'https://recipe1.ezmember.co.kr/cache/recipe/2024/05/02/e0b3126744d40a4f05f81deea4b80c0b1.jpg'}, {'step_number': 11, 'description': '감자 2개 껍질 깍아서 2등분해주세요감자 손질법', 'image_url': 'https://recipe1.ezmember.co.kr/cache/recipe/2024/05/02/362daf98f91b3bf9058826f4381fb56e1.jpg'}, {'step_number': 12, 'description': '감자도 냄비에 넣고 고추장1큰술,설탕1큰술,고춧가루 1큰술 넣어주고 팔팔 끓입니다 후춧가루도 뿌려주어요 중간에 부족한 간은 맛소금으로 해주시면 좋을 것 같아요 저희는 더이상 추가 간은 하지 않았답니다', 'image_url': 'https://recipe1.ezmember.co.kr/cache/recipe/2024/05/02/380738e9ac0c67a449b69b39095d55851.jpg'}, {'step_number': 13, 'description': '팽이버섯 느타리버섯 길죽하게 뜯어서 손질하고', 'image_url': 'https://recipe1.ezmember.co.kr/cache/recipe/2024/05/02/2606b48b38610e5ebe4233df50bf17f61.jpg'}, {'step_number': 14, 'description': '깻잎도 길게 썰어서 팽이버섯 느타리버섯과 함께 감자탕에 넣고 뚜껑 닫아서 약불 조절해서 끓여줍니다 50분 타이머가 이때 쯤 울렸는데요 다시 20분 타이머 맞추고 더 푹 끓였어요 뭉근하게 약불에서 20분 이상 끓여주셔도 좋을것같아요 푹 끓일수록 육수가 더 진하게 우러나오는 것 같아요', 'image_url': 'https://recipe1.ezmember.co.kr/cache/recipe/2024/05/02/2bca11f5c8c735037baca5fc49dbb9ee1.jpg'}, {'step_number': 15, 'description': '감자가 다 익었는지 젓가락을 이용해서 확인했어요 맛있는 감자탕이 만들어졌어요', 'image_url': 'https://recipe1.ezmember.co.kr/cache/recipe/2024/05/02/36d413b60f499b9d63bff8472dcdbf9f1.jpg'}, {'step_number': 16, 'description': '냄비 한가득 끓여낸 뼈다귀감자탕 거의 다 먹고 이만큼 남았어요 남은 뼈다귀감자탕 오늘 아침에 다시한번 데워서 다들 든든하게 아침식사 했답니다', 'image_url': 'https://recipe1.ezmember.co.kr/cache/recipe/2024/05/02/4125c1e728414a0de12562cc38f7d09f1.jpg'}, {'step_number': 17, 'description': '전날 저녁에 먹고 다음날 아침에 남은것 먹는데도 너무 맛있다며 아이들도 어찌나 맛있게 잘먹는지 모른답니다 감자탕에 뼈다귀 더 없냐고하네요 다음번에는 더 많이 구입해서 만들어야겠어요', 'image_url': 'https://recipe1.ezmember.co.kr/cache/recipe/2024/05/02/ce659192f0ab53f52a206a07e44271611.jpg'}]"
45434,국/탕,일상,돼지고기,끓이기,"어버이날, 집에 온 아들을 위한 돼지고기김치말이",돼지고기김치말이,124,None,None,None,"[('돼지고기', '300g'), ('맛술', '약간'), ('후추', '약간'), ('묵은지', '1/4포기'), ('양파', '1/2개'), ('대파', '1/2개'), ('청양초', '1개'), ('홍초', '1개'), ('동전육수', '2개'), ('육수', '4컵')]","어버이날, 집에 온 아들을 위한 돼지고기김치말이","[{'step_number': 1, 'description': '돼지고기는 맛술 후추로볼', 'image_url': 'https://recipe1.ezmember.co.kr/cache/recipe/2024/05/09/7f072a587056815c13b23600a9273a281.jpg'}, {'step_number': 2, 'description': '잡내를 제거 해 둔다.', 'image_url': 'https://recipe1.ezmember.co.kr/cache/recipe/2024/05/09/3cefb576bd46214764d4f748b141e6fd1.jpg'}, {'step_number': 3, 'description': '묵은지는 국물을 꽉 찬 후 줄기와 잎을 펴 돼지고기를 올려 돌돌 말아준다.', 'image_url': 'https://recipe1.ezmember.co.kr/cache/recipe/2024/05/09/7fa81599037c717d1f2d77ed89855b7e1.jpg'}, {'step_number': 4, 'description': '말아준 돼지고기김치말이는 1/2로 잘라 준다.도마 , 조리용나이프', 'image_url': 'https://recipe1.ezmember.co.kr/cache/recipe/2024/05/09/3157cad720085e1a80641383f81b7b7d1.jpg'}, {'step_number': 5, 'description': '냄비에 묵은지 꼬다리, 양파를 깔아준다.양파 손질법', 'image_url': 'https://recipe1.ezmember.co.kr/cache/recipe/2024/05/09/c02b21ede0b6ea7b16fcccb89b4599461.jpg'}, {'step_number': 6, 'description': '동전육수를 넣고 육수를 낸 후', 'image_url': 'https://recipe1.ezmember.co.kr/cache/recipe/2024/05/09/61807d5ae356381ec1eb00b2fffaf5d51.jpg'}, {'step_number': 7, 'description': '냄비에 부어준다.냄비', 'image_url': 'https://recipe1.ezmember.co.kr/cache/recipe/2024/05/09/b1d4fc056145166f5603438833867ade1.jpg'}, {'step_number': 8, 'description': '썰어둔 대파, 홍초, 청양초를대파 손질법', 'image_url': 'https://recipe1.ezmember.co.kr/cache/recipe/2024/05/09/41fb7836dcf73f8e390f48dd5bf404f31.jpg'}, {'step_number': 9, 'description': '넣고 마무리한다. 김치찌개를 좋아하는 아들이라 뚝딱 만들어 주었더니 밥도둑이라고 합니다. 잘 먹는 모습만 봐도 행복한 고슴도치 엄마였습니다.', 'image_url': 'https://recipe1.ezmember.co.kr/cache/recipe/2024/05/09/0859096ccb8cedb79085c428ff0e2d871.jpg'}]"
45435,국/탕,일상,돼지고기,끓이기,돼지고기 애호박 고추장찌개 얼큰한 애호박찌개,돼지고기애호박고추장찌개,739,60분 이내,아무나,4인분,"[('돼지고기                                                                                목살', '200g'), ('두부', '300g'), ('애호박', '1/3개'), ('양파', '1/2개'), ('청양고추', '1개'), ('홍고추', '1/2개'), ('대파                                                                                15cm', '1개'), ('새송이버섯', '소량'), ('멸치 육수', '1~1.5L'), ('소금', '소량'), ('후추', '소량'), ('맛술', '2T'), ('고추장', '2T'), ('참치액', '1T'), ('간마늘', '1T'), ('고춧가루', '2T'), ('국간장', '1T'), ('소금', '소량')]","돼지고기 듬뿍,애호박 듬뿍인 고추장찌개에요. 끓일수록 더 맛있는~","[{'step_number': 1, 'description': '청양고추,홍고추,대파는 송송 썰어주고 두부,애호박,새송이버섯,양파는 한입크기로 잘라주세요두부 300g / 애호박 1/3 /양파1/2 / 청양고추 1개/ 새송이버섯 소량홍고추 반개 / 대파 15cm 1개 /도마 , 조리용나이프버섯은 새송이버섯 뿐만 아니라 팽이버섯, 표고버섯으로 대체 가능애호박 손질법', 'image_url': 'https://recipe1.ezmember.co.kr/cache/recipe/2024/05/20/a802c30b1875fe3b7217f13252feb0211.jpg'}, {'step_number': 2, 'description': '돼지고기 (목살사용) 는 한입크기로 자른후 소금, 후추 소량 , 맛술2T를 넣고 조물 조물 해서 밑간을 해주세요돼지고기 (목살) 200g /소금, 후추 소량 / 맛술2T볼돼지고기는 목살뿐만 아니라 삼겹살, 찌개용, 카레 짜장용도 가능', 'image_url': 'https://recipe1.ezmember.co.kr/cache/recipe/2024/05/20/5e222c987700fdbbbba150ec934689291.jpg'}, {'step_number': 3, 'description': '물 1L ~ 1.5L에 멸치 다시팩을 넣어 멸치 육수를 만들어 주세요.물1L ~1.5L / 코인육수나 멸치 다시팩냄비', 'image_url': 'https://recipe1.ezmember.co.kr/cache/recipe/2024/05/20/840c35a5166e176001ad3ab7d7b7c23b1.jpg'}, {'step_number': 4, 'description': '팬에 기름 소량 두른 후 밑간한 돼지고기를 넣고 중불로 볶다가 고기가 갈색으로 변하면 고추장2T ,고춧가루2T, 멸치육수 한 국자를 넣고 약 5분간 볶아주세요.고추장2T /고춧가루2T요리스푼', 'image_url': 'https://recipe1.ezmember.co.kr/cache/recipe/2024/05/20/5e9c88bc5458d2751a4dcb2c29b83b571.jpg'}, {'step_number': 5, 'description': '볶은 고기에 멸치육수1L를 넣고 강불로 팔팔 끓여주세요.강불사용만든 멸치육수를 넣어주세요. 최소 1L이상', 'image_url': 'https://recipe1.ezmember.co.kr/cache/recipe/2024/05/20/874e7c9a4326771f1f24db9de16b15be1.jpg'}, {'step_number': 6, 'description': '양파, 애호박, 새송이버섯을 넣고 끓이다가 간마늘1T , 참치액 1T ,국간장1T , 소금 소량 넣어 간을 맞춰 주세요.참치액 1T / 간마늘1T/국간장1T / 소금 소량', 'image_url': 'https://recipe1.ezmember.co.kr/cache/recipe/2024/05/20/6f318a6d8fc4f47016472b82d234c4e61.jpg'}, {'step_number': 7, 'description': '간을 맞춘 후 청양고추, 홍고추, 대파, 두부를 넣어 다시 한번 한소끔 끓여 마무리 해주세요.', 'image_url': 'https://recipe1.ezmember.co.kr/cache/recipe/2024/05/20/524178389d483b4a190830e96840a62a1.jpg'}]"
45436,국/탕,일상,돼지고기,끓이기,김치찌개 레시피 .. 고기 듬뿍 넣은 돼지고기 김치찌개,돼지고기김치찌개,244,60분 이내,아무나,3인분,"[('돼지고기', '700g'), ('김치                                                                                배추1/4쪽 기준', '2/3포기'), ('양파                                                                                중', '1개'), ('대파', '1개'), ('물', '1.5L'), ('사골 코인육수', '2알'), ('연두부                                                                                순두부 또는 두부가능', '2개'), ('설탕', '1큰술'), ('참치액', '1큰술'), ('소금', '조금'), ('후추', '조금')]",고기 듬뿍 넣은 김치찌개~ 김치찌개만 있으면 다른 반찬 필요없이 맛있는 한끼 드실수 있어요~ 손이 큰 저는 끓일때 마다 한 냄비 가득이라서..ㅎㅎ 몇일을 먹을수 있어요~^^,"[{'step_number': 1, 'description': '냄비에 찌개용 고기를 넣고 볶아주세요.냄비 , 요리스푼', 'image_url': 'https://recipe1.ezmember.co.kr/cache/recipe/2024/05/21/71a505739c09fd713a9f748878f3217d1.jpg'}, {'step_number': 2, 'description': '고기 색이 변하면 썰어 놓은 양파를 넣고 고기가 익을 때까지 볶아주세요.도마 , 조리용나이프', 'image_url': 'https://recipe1.ezmember.co.kr/cache/recipe/2024/05/21/046bbe836c070d9e3e87169c621b934f1.jpg'}, {'step_number': 3, 'description': '고기가 익으면 김치2/3포기를 넣어주세요. (작은 포기는 1포기 넣어주세요.)', 'image_url': 'https://recipe1.ezmember.co.kr/cache/recipe/2024/05/21/97952c6bb48f0ccd854b952f3179fbfa1.jpg'}, {'step_number': 4, 'description': '설탕 1큰술, 참치액 1큰술을 넣어주세요.', 'image_url': 'https://recipe1.ezmember.co.kr/cache/recipe/2024/05/21/322708967a5a1fe2105c0bb42c0455041.jpg'}, {'step_number': 5, 'description': '사골코인 2알을 넣어 볶아주세요. (약 10분 정도 약불에서 푹 볶아주세요.)', 'image_url': 'https://recipe1.ezmember.co.kr/cache/recipe/2024/05/21/a6ab74ba1c2ba3ea28ed47aa1159ebe71.jpg'}, {'step_number': 6, 'description': '잘 볶아진 재료에 물 1.5L를 넣어 끓여주세요. (끓으면 중약불로 낮춰 20~25분정도 끓여주세요.)', 'image_url': 'https://recipe1.ezmember.co.kr/cache/recipe/2024/05/21/88e79f14dae353880d201313e470b5131.jpg'}, {'step_number': 7, 'description': '그리고 썰어 놓은 대파를 넣어주세요.대파 손질법', 'image_url': 'https://recipe1.ezmember.co.kr/cache/recipe/2024/05/21/8c67c52e6d564af3038f3f98c180f9061.jpg'}, {'step_number': 8, 'description': '저는 집에 있는 연두부 2개를 넣었어요. 순두부 1.2개, 두부1/2모를 넣어주셔도 됩니다.', 'image_url': 'https://recipe1.ezmember.co.kr/cache/recipe/2024/05/21/e8872f66ff35fd5d3c78f22c9458f34d1.jpg'}, {'step_number': 9, 'description': '소금으로 간을 맞춰주시고 후추를 넣고 한 소끔 끓여주세요.', 'image_url': 'https://recipe1.ezmember.co.kr/cache/recipe/2024/05/21/93b4d5e607b56c0d92b6c4efd01036551.jpg'}, {'step_number': 10, 'description': '그릇에 덜어 맛있게드세요.국자 , 대접', 'image_url': 'https://recipe1.ezmember.co.kr/cache/recipe/2024/05/21/269e9ce65ed53f5a854dbdf79e2031a21.jpg'}]"
45437,국/탕,일상,돼지고기,끓이기,냉동대패삼겹살요리 파 두부 넣고 7분 대패삼겹살 김치찌개,대패삼겹살김치찌개,291,None,None,None,"[('냉동대패삼겹살', ''), ('대파', ''), ('두부', ''), ('다진마늘', ''), ('설탕', '')]","​안녕하세요~ ​ 냉동대패삼겹살요리로 구이 해 먹고 남았는데 이게 양이 ,, 쫌 애매해서 다시 굽기도 그렇고 이거 넣고 대패삼겹살 김치찌개 해서 먹으면 딱~ 되겠다 싶더라고요. 7분김치찌개 ! 정말~ 간단하게 끓여 봤습니다","[{'step_number': 1, 'description': '먼저 고기를 구워주세요. 얇아서 금방 익습니다~ 냉동대패삼겹살요리 라서 구우면 기름기와 물이 살짝 나오거든요 수분기가 날라가가 완전히 굽던지 아니면 키친타올로 닦아주세요궁중팬 , 요리집게', 'image_url': 'https://recipe1.ezmember.co.kr/cache/recipe/2024/07/04/cb8eefeb398d35bb1fec548c1891d5721.jpg'}, {'step_number': 2, 'description': '기름기와 물기를 닦아야지 잡내가 많이 안 나거든요. 아니면 수분을 다~ 날려서 굽던지 하시면 되는데 저는 닦아서 없앴습니다키친타올', 'image_url': 'https://recipe1.ezmember.co.kr/cache/recipe/2024/07/04/8550f57ee161da3651cdff840231798e1.jpg'}, {'step_number': 3, 'description': '고기가 거의 익으면 김치를 넣어줄게요. 김치는 먹기 좋은 크기로 자를게요.도마 , 조리용나이프', 'image_url': 'https://recipe1.ezmember.co.kr/cache/recipe/2024/07/04/9e7d57211e1572517d2c132ab30d35ee1.jpg'}, {'step_number': 4, 'description': '설탕 1T', 'image_url': 'https://recipe1.ezmember.co.kr/cache/recipe/2024/07/04/3981fda9f105e65234546cb7a3fccbcf1.jpg'}, {'step_number': 5, 'description': '다진마늘 1T 넣고 볶아주세요', 'image_url': 'https://recipe1.ezmember.co.kr/cache/recipe/2024/07/04/ee46eb774fc9274516f0f7db210cc1871.jpg'}, {'step_number': 6, 'description': '재료양에 맞게 물을 적당히 넣어주시고요.', 'image_url': 'https://recipe1.ezmember.co.kr/cache/recipe/2024/07/04/9fded62168c8358a5e431e13d8a422cb1.jpg'}, {'step_number': 7, 'description': '물이 들어가면 싱거워지니 국간장으로 간을 해 주세요. 김칫국물로 하셔도 되고요. 입맛에 맞게 조절을 해서 간을 하시면 됩니다~ 대패삼겹살 김치찌개 끓이기 거의 다 왔습니다. 고기가 얇아서 금방 익으니까 7분김치찌개 가능하거든요', 'image_url': 'https://recipe1.ezmember.co.kr/cache/recipe/2024/07/04/cbeee2ec9aeb1af1124f4d60648613f11.jpg'}, {'step_number': 8, 'description': '두부와 대파도 썰어서 듬뿍 넣었습니다~ 두부는 가장자리부터 넣어주시면 부서지지 않습니다~ 이제 푹~ 끓여주세요', 'image_url': 'https://recipe1.ezmember.co.kr/cache/recipe/2024/07/04/fee6863e7abc98cdd97c160369d241161.jpg'}, {'step_number': 9, 'description': '냉동대패삼겹살요리 구워 먹어도 맛있지만 잘 익은 김치 넣고 파 두부 넣고 7분김치찌개도 잘 어울립니다', 'image_url': 'https://recipe1.ezmember.co.kr/cache/recipe/2024/07/04/1db2277d8866fe8e3ae2415fd60d6e481.jpg'}, {'step_number': 10, 'description': '더 얼큰하게 드시려면 고춧가루나 청양고추를 추가해도 좋습니다~ 저는 아이랑 같이 먹을거라 매운 재료는 추가를 하지 않았어요. 푹~ 끓일수록 더 맛있는 국물요리 랍니다. 좋은 부모 마스터 위젯 미션에 연재중인 글입니다.국자 , 대접', 'image_url': 'https://recipe1.ezmember.co.kr/cache/recipe/2024/07/04/f9b5df2489f7889f9624709e863141341.jpg'}]"
45438,국/탕,일상,돼지고기,끓이기,돼지고기된장찌개,돼지고기된장찌개,234,30분 이내,아무나,2인분,"[('돼지고기 앞뒷다리살', '조금'), ('양파', '1/4개'), ('애호박', '1/4개'), ('감자', '1/2개'), ('두부', '1모'), ('대파', '1/3대'), ('고추장', '1T'), ('된장', '1'), ('고춧가루', '2'), ('국간장', '1'), ('설탕', '1'), ('다진마늘', '1')]",남은 고기로 찌개 끓여먹기,"[{'step_number': 1, 'description': '야채 썰어서 준비~도마 , 조리용나이프', 'image_url': 'https://recipe1.ezmember.co.kr/cache/recipe/2024/08/05/d7fa6dba20883c2f4b3e75903dd8fb7c1.jpg'}, {'step_number': 2, 'description': '냄비에 고기 넣고냄비', 'image_url': 'https://recipe1.ezmember.co.kr/cache/recipe/2024/08/05/ed5f0edff9f4a9c78dccfd6deed3693e1.jpg'}, {'step_number': 3, 'description': '고추장1, 된장1스푼', 'image_url': 'https://recipe1.ezmember.co.kr/cache/recipe/2024/08/05/8e01b69b65cffab222de01ca7ff250c71.jpg'}, {'step_number': 4, 'description': '그리고 다진마늘1 넣어주고', 'image_url': 'https://recipe1.ezmember.co.kr/cache/recipe/2024/08/05/4999458c74a91bd2c078e2cd99a0fe9a1.jpg'}, {'step_number': 5, 'description': '물 500ml 넣고 끓이다가', 'image_url': 'https://recipe1.ezmember.co.kr/cache/recipe/2024/08/05/0919fedb380a72035ce2abeb067e14a81.jpg'}, {'step_number': 6, 'description': '국간장1, 고춧가루2, 설탕1 넣고 다시 보글보글', 'image_url': 'https://recipe1.ezmember.co.kr/cache/recipe/2024/08/05/9980ece6aaebdf1366c5c3b778c2a6101.jpg'}, {'step_number': 7, 'description': '야채 몽땅 넣고', 'image_url': 'https://recipe1.ezmember.co.kr/cache/recipe/2024/08/05/b72006794370d0cbb09ef728a41bbcd61.jpg'}, {'step_number': 8, 'description': '끓이면 완성~', 'image_url': 'https://recipe1.ezmember.co.kr/cache/recipe/2024/08/05/4bf510e3359c66b700733c7f2aed389b1.jpg'}]"
45439,국/탕,일상,돼지고기,끓이기,뽀얀 사골 곱창 순대국 만드는법,사골곱창순대국,179,20분 이내,초급,2인분,"[('순대', '300g'), ('돼지곱창                                                                                삶은', '3-4줄'), ('사골국물', '700ml'), ('새우젓', '1큰술'), ('국간장', '1스푼'), ('소금', '1/2티스푼'), ('들깨', '1~2스푼'), ('대파', '5-6cm'), ('청양고추', '1-2개'), ('깻잎', '5장'), ('후추', '약간')]",돼지 국밥 먹겠다고 부산에서 맛집 찾아다녔던 수고가 아까워요. 집에서 이렇게 맛있게 만들 수 있는데 말이죠. 순대국 좋아하는 허비도 밖에서 먹는 순대국보다 집에서 이렇게 끓여 주는 순대국이 훨씬 맛있다고 해요. 순대국에 돼지고기 삶아 넣으면 돼지국밥이 되고 순대 많이 넣으면 순대국이 되죠. 국물이나 양념 베이스는 똑같이 해요. 오늘은 돼지곱창까지 데쳐 넣어서 사골 곱창 순대국이 됐어요. 돼지곱창 순대국의 맛을 잡아 주는 건 사골국물과 새우젓의 역할이 젤 커요. 사골국물은 미리 끓여 냉동해 놨던 걸 사용했는데 간편하게 시판 사골국물을 사용해도 되요. 고추가루 없이 뽀얗게 끓인 돼지곱창 순대국인데 잡내 하나 없이 넘 깔끔하고 진국의 맛이 나요~ 진한 사골 국물이 전체적인 맛을 고급지고 진하게 만들어 줘요. 순대도 취향대로 많이 넣어 먹을 수 있고 돼지 곱창도 부드럽고 잡내가 없어요. 깻잎향도 좋아요. 푹 끓인 사골 국물에 새우젓과 국간장으로 간을 하면 맛이 없을래야 없을 수가 없어요. 보통 때는 고추가루를 넣고 약간 빨간 순대국을 끓였는데 이번엔 고춧가루 없이 뽀얗고 깔끔하게 끓였더니 담백 고소하니 맛있는 거 같아요. 입추 말복이 지났다고 아침은 꽤 선선해진 거 같아요. 집에서 맛난 돼지곱창 순대국 끓여 먹는 것도 이열치열 속이 든든해지네요. ​ ​,"[{'step_number': 1, 'description': '삶은 냉동 곱창을 뜨거운 물에 소주 1스푼 넣고 2-3분 정도 데쳐 주세요.냄비', 'image_url': 'https://recipe1.ezmember.co.kr/cache/recipe/2024/08/16/2149311504f76392c8c760785e70f5591.jpg'}, {'step_number': 2, 'description': '곱창을 체에 건져 놓아요.채반', 'image_url': 'https://recipe1.ezmember.co.kr/cache/recipe/2024/08/16/33d18fdc3421d9820ccda1abd7ee8e931.jpg'}, {'step_number': 3, 'description': '순대도 중불에 2-3분 정도 데쳐 기름기를 빼주세요.', 'image_url': 'https://recipe1.ezmember.co.kr/cache/recipe/2024/08/16/86947ffaba864c68b6c6fd8d174f821d1.jpg'}, {'step_number': 4, 'description': '청양고추, 깻잎, 대파, 마늘 씻어 준비하고 마늘 다지고 다른 야채들은 송송 썰어 주세요. 순대도 한입 크기로 썰어 놓아요.도마 , 조리용나이프', 'image_url': 'https://recipe1.ezmember.co.kr/cache/recipe/2024/08/16/4a14acd1dd767f5afa40dce8e44ec1451.jpg'}, {'step_number': 5, 'description': '사골 국믈을 냄비에 붓고 끓여 주세요.', 'image_url': 'https://recipe1.ezmember.co.kr/cache/recipe/2024/08/16/50f13aca38bb52a40641e07396d7a5551.jpg'}, {'step_number': 6, 'description': '데친 곱창을 넣어 주세요.', 'image_url': 'https://recipe1.ezmember.co.kr/cache/recipe/2024/08/16/ba31bd20f1e84c1594203fe819d8466c1.jpg'}, {'step_number': 7, 'description': '새우젓, 국간장으로 간을 맞춰 주세요.조리용스푼', 'image_url': 'https://recipe1.ezmember.co.kr/cache/recipe/2024/08/16/bc831e8a83d28ba0c348d02b3b6d27cf1.jpg'}, {'step_number': 8, 'description': '깻잎과 대파, 마늘, 청양고추 넣고 순대를 넣어 주세요.', 'image_url': 'https://recipe1.ezmember.co.kr/cache/recipe/2024/08/16/057317adf7636ee7042e1f089c77c6df1.jpg'}, {'step_number': 9, 'description': '한소끔 끓고 순대가 부드러워지면 들깨가루와 후추를 넣어 주세요.', 'image_url': 'https://recipe1.ezmember.co.kr/cache/recipe/2024/08/16/632cd5e015acd44746feb74f35e7e70f1.jpg'}, {'step_number': 10, 'description': '진한 사골 국물이 전체적인 맛을 고급지고 진하게 만들어 줘요.면기', 'image_url': 'https://recipe1.ezmember.co.kr/cache/recipe/2024/08/16/9740af13c620711d1f77affce9cc6d331.jpg'}]"
45440,국/탕,일상,돼지고기,끓이기,돈가스김치나베 만들기!!!,돈가스김치나베,"4,470",30분 이내,초급,2인분,"[('치즈돈까스', '1장'), ('(쉰)김치', '1줌'), ('양파', '1/2개'), ('달걀', '3개'), ('다진대파', ''), ('물', '100ml'), ('간장', '6큰술'), ('설탕', '3큰술'), ('맛술', '4큰술'), ('물', '12큰술')]",저희 동네에 한번씩 돈가스장사가 오거든요. 그때 사놨던 치즈돈가스로 김치나베를 만들어 보앗어요!!! 집밥백선생에서 알려준 양파덮밥 레시피 아주 요긴한거 같아요. 기본덮밥소스베이스는 집밥백선생에서 나온 양파덮밥소스구요. 이번에 김치를 넣어 칼칼한 맛을 더해주었어요!!!,"[{'step_number': 1, 'description': '간장 6큰술, 설탕 3큰술, 맛술 4큰술, 물 12큰술을 넣고 기본 덮밥소스를 만들어 주었어요!!! 저는 돈까스를 넣다보니 기본 집밥백선생에서 나온 양보다 조금더 넣었네요^^ 근데 단점은 간장이 많이 들어감 색이 넘 까매져요~ 다음엔 소금을 이용해 볼까 싶더라구요.', 'image_url': 'https://recipe1.ezmember.co.kr/cache/recipe/2017/06/28/6d6aee6de2ee4e9e61f42e235741013f1.jpg'}, {'step_number': 2, 'description': '돈가스는 기름 두른팬에 중불에서 바삭하게 구워주세요. 바삭하게 구운 돈까스는 나중에 키친타올에 올려 기름을 빼주세요.', 'image_url': 'https://recipe1.ezmember.co.kr/cache/recipe/2017/06/28/43888a05000cad10f5a18559e0b244401.jpg'}, {'step_number': 3, 'description': '달군팬에 올리브유를 두른 후 대파를 넣고 볶아주세요.', 'image_url': 'https://recipe1.ezmember.co.kr/cache/recipe/2017/06/28/11e74a7086735b048c09d4290caf953f1.jpg'}, {'step_number': 4, 'description': '대파가 어느정도 볶아지고 나면 준비한 김치를 넣고 함께 볶아주세요.', 'image_url': 'https://recipe1.ezmember.co.kr/cache/recipe/2017/06/28/76af3f9ff936ef1cacff22c95175b5661.jpg'}, {'step_number': 5, 'description': '그리고 나서 채썬 양파도 함께 넣어 볶아주시면 되요!!!', 'image_url': 'https://recipe1.ezmember.co.kr/cache/recipe/2017/06/28/00e88cb05aac3ce6b1f64cdfaddecce41.jpg'}, {'step_number': 6, 'description': '어느정도 김치랑 양파까지 볶아지면 물을 넣어주시면 되는데요. 전 재료들이 살짝 잠길정도로 넣어주었어요.', 'image_url': 'https://recipe1.ezmember.co.kr/cache/recipe/2017/06/28/fc1126a647ae6b60e337964fc9aaf8d31.jpg'}, {'step_number': 7, 'description': '그러곤 달걀물을 풀어 부어주세요!!!', 'image_url': 'https://recipe1.ezmember.co.kr/cache/recipe/2017/06/28/dd458d4cff3dfd5aec38e738548521b81.jpg'}, {'step_number': 8, 'description': '그릇에 달걀물을 넣은 김치를 담고 그위에 치즈돈가스를 올려주면 되요!!!', 'image_url': 'https://recipe1.ezmember.co.kr/cache/recipe/2017/06/28/4d37c3f53643e9109242b9cfa91c5dcf1.jpg'}]"
45441,국/탕,일상,돼지고기,끓이기,돈까스 김치나베,돈까스김치나베,"1,539",30분 이내,초급,1인분,"[('돈까스', ''), ('양파', '1/2'), ('김치', '1/2포기'), ('파', ''), ('다진마늘', ''), ('계란', '1개'), ('쌀드물', '3컵'), ('김치국물', '적당량'), ('간장', '2ts'), ('고추가루', '1T'), ('설탕', '1t')]",돈까스와 빨간 김치에 만남^^,"[{'step_number': 1, 'description': '먼저 기름을 넉넉하게 넣고 돈까스를 야간 튀김니다. 시간은 15분\n(솔직히 말하는데요 뒤집기가 없어서 살짝 타숩니닿ㅎ)', 'image_url': 'https://recipe1.ezmember.co.kr/cache/recipe/2017/02/13/a88a3c609914ee709d2cccb5ae09c3af1.jpg'}, {'step_number': 2, 'description': '다음 다진마늘과 파를 넣고 향이 나면 김치와 양파를 넣고 볶아주세요.', 'image_url': 'https://recipe1.ezmember.co.kr/cache/recipe/2017/02/13/7887dfd8bbe18e6c29f895461fc874af1.jpg'}, {'step_number': 3, 'description': '쌀뜨물과 김치국물, 고추가루, 간장, 설탕을넣고\n그 다음 돈까스를 투입!!', 'image_url': 'https://recipe1.ezmember.co.kr/cache/recipe/2017/02/13/e6029e426738c36e232577a76069a1691.jpg'}, {'step_number': 4, 'description': '다음 계란을 들이부어!!', 'image_url': 'https://recipe1.ezmember.co.kr/cache/recipe/2017/02/13/41cf5747339aa9ea9c7e05e0c30736291.jpg'}, {'step_number': 5, 'description': '그럼면 완성!!!', 'image_url': 'https://recipe1.ezmember.co.kr/cache/recipe/2017/02/13/b15549a2fbca32c5a1100ce48ec055f01.jpg'}]"
45442,국/탕,일상,돼지고기,끓이기,#3대천왕 김치전골 만들기,김치전골,"14,790",60분 이내,초급,4인분,"[('김치', '10쪽'), ('만두소', '2사발'), ('김칫국물', '1~2국자'), ('멸치다시마육수                                                                                또는 천연조미료육수', ''), ('대파', '1컵'), ('다진마늘', '1큰술'), ('후추', '조금'), ('국간장', '1큰술'), ('매실액', '1.5큰술')]",#김치속에 만두가 들어가 있는 색다른 김치전골~~ 제대로인 김치만두!!!,"[{'step_number': 1, 'description': '먼저 육수부터 만들어 줍니다. 멸치와 다시마를 우려낸 멸치다시마육수면 좋고요. 저는 천연조미료를 이용한 육수를 준비했습니다.', 'image_url': 'https://recipe1.ezmember.co.kr/cache/recipe/2016/08/22/60cee271ec8cbaa8e1b4b20ed3afc6601.jpg'}, {'step_number': 2, 'description': '그 묵은지를 넙적한 겉 김치만 잘라서 준비해 놓습니다. 만두소를 넣기에 딱 좋은 것이 넙적한 겉 김치이죠.', 'image_url': 'https://recipe1.ezmember.co.kr/cache/recipe/2016/08/22/b8a0e177c1bb7943aa4c847f90c3dd181.jpg'}, {'step_number': 3, 'description': '만들어 놓았던 함박스테이크 다짐육입니다. 치대지 않고 그냥 밀폐용기에 넣어만 두었죠. 냉장고에 보관하고 다음날 사용했습니다.', 'image_url': 'https://recipe1.ezmember.co.kr/cache/recipe/2016/08/22/2a9bfc6baf588c11459c4d276f24bb651.jpg'}, {'step_number': 4, 'description': '넙적한 김치에 만두소를 담고는 돌돌 말아주면 됩니다. 가장자리를 감싸면서 말아 주세요. 그래야 소가 밖으로 나오는 것을 방지할 수 있죠.', 'image_url': 'https://recipe1.ezmember.co.kr/cache/recipe/2016/08/22/01c79e20b5fefa16b19ccfb618507d691.jpg'}, {'step_number': 5, 'description': '요렇게 가장자리도 감싸면서 하나의 보쌈처럼 말아 주었습니다.', 'image_url': 'https://recipe1.ezmember.co.kr/cache/recipe/2016/08/22/bf30e49fc9b6781a64550548ec2fafdc1.jpg'}, {'step_number': 6, 'description': '말아준 김치만두를 냄비에 가지런히 빙둘러서 돌려서 올려 놓아 줍니다. 가운데는 김치사용하고 남은 김치소를 넣어 주었어요.', 'image_url': 'https://recipe1.ezmember.co.kr/cache/recipe/2016/08/22/ae037d01ad68f61404907d92ce5ab2861.jpg'}, {'step_number': 7, 'description': '여기에 다진마늘과 대파를 넣어 주시고요.', 'image_url': 'https://recipe1.ezmember.co.kr/cache/recipe/2016/08/22/53493571651f8718a31cd4928bade5d31.jpg'}, {'step_number': 8, 'description': '김칫국물을 두국자를 넣어 줍니다. \n3대천왕에서 그렇게 했는지는 모르겠지만 제가 끓이는 방식은 이렇게 김칫국물을 넣으면 간을 적게 해도 괜찮더라구요. 김치맛도 잘 살아나고요.', 'image_url': 'https://recipe1.ezmember.co.kr/cache/recipe/2016/08/22/90550306455b2ba6fcc43e080f6b32641.jpg'}, {'step_number': 9, 'description': '그리고 준비한 육수를 부어 줍니다. \n충분히 잠길정도로 부어 주세요. 계속해서 끓이기 때문에 자박하게 부으시면 간이 쌜 수 있으니 충분히 붓고는 은근하게 끓여주시는 것이 좋습니다.', 'image_url': 'https://recipe1.ezmember.co.kr/cache/recipe/2016/08/22/79fc3d113c2652727b8f0505d11b03591.jpg'}, {'step_number': 10, 'description': '국물이 많았다고 생각되었지만 쭉쭉 빨아들여서는 이렇게 자박자박해졌어요.', 'image_url': 'https://recipe1.ezmember.co.kr/cache/recipe/2016/08/22/49cdf4a0b43812bed3faa24f4a866ce21.jpg'}, {'step_number': 11, 'description': '여기에 간을 해주시면 됩니다. 먼저 국간장 한큰술이면 되겠네요. 넣어 주시고요.', 'image_url': 'https://recipe1.ezmember.co.kr/cache/recipe/2016/08/22/ba79a8126208bd103338a0273bd6d9651.jpg'}, {'step_number': 12, 'description': '매실액은 거의 한국자를 넣어 주었습니다. 묵은지이기 때문에 신맛도 강하고 쌔서 맛을 중화시켜 주기 위해서 매실액을 충분히 넣어 주었죠.', 'image_url': 'https://recipe1.ezmember.co.kr/cache/recipe/2016/08/22/9ecafce6288cf2d39dae5e72fea6b5421.jpg'}, {'step_number': 13, 'description': '먹기 직전에 파를 다시한번 넣어 줍니다.', 'image_url': 'https://recipe1.ezmember.co.kr/cache/recipe/2016/08/22/355582bad94e7f9c300a351239018e0d1.jpg'}, {'step_number': 14, 'description': '보글보글 끓어 오르면 완성입니다.', 'image_url': 'https://recipe1.ezmember.co.kr/cache/recipe/2016/08/22/63bce0cf97925568746277d2b27f94bb1.jpg'}]"
45443,국/탕,일상,돼지고기,끓이기,돼지고기두부전골,None,"13,469",None,None,None,[],,[]
45444,국/탕,일상,돼지고기,끓이기,돼지고기국~ 얼큰한 속풀이국으로 좋아요...,돼지고기국,"15,065",30분 이내,초급,4인분,"[('돼지고기', '200g'), ('대파', '약간'), ('콩나물', '1줌'), ('무', '130g'), ('청고추', '약간'), ('홍고추', '약간'), ('양파', '1/3개')]","경상도에서는 돼지고기로 국을 끓여서 먹기도 하는데
경상도에서는 돼지고기국밥이 유명할정도로 
돼지고기로 국을 많이 끓여서 먹는데 시댁이
경상도이다보니 경상도음식 돼지고기국을
끓여 보았답니다~~","[{'step_number': 1, 'description': '돼지고기를 빨갛게 양념을 해서 무를 넣고 국을 끓였더니 국물맛이 \n얼큰하면서도 시원한게 속풀이 \n해장국으로도 정말 그야말로 \n국물맛이 예술이랍니다~~\n밥을 말아 먹어도 맛있고 국물맛이 \n시원한 국 하나만 끓여 식탁에 올려도 식탁이 풍성해지면서 다른 반찬이 \n필요없는것 같아요~~\n그럼 이제 저와 함께 무가 제철이라 \n아주 달큰하고 부드러운맛이 나는게 무 요리를 마음껏 만들어 먹어도 \n식탁이 풍성해지는 돼지고기 무국을 끓여볼까요~~\n그럼 오늘은 얼큰한 돼지고기국을 \n만들어 보려고 합니다~~\n돼지고기는 고추가루 수북히 1, \n맛술 1,청주 1,생강가루 약간,\n후추가루 약간을 넣고 밑간 양념을\n한뒤 냄비에 볶아 주세요~~', 'image_url': 'https://recipe1.ezmember.co.kr/cache/recipe/2017/12/11/fe11c535907783337151adab0a5ba0661.jpg'}, {'step_number': 2, 'description': '돼지고기가 익으면 끓여놓은 육수8컵~\n9컵정도를 붓고 바글바글 끓여 주세요~~', 'image_url': 'https://recipe1.ezmember.co.kr/cache/recipe/2017/12/11/b53f026b3f1cd83cdf608ca3a104b6531.jpg'}, {'step_number': 3, 'description': '국물이 바글바글 끓어 오르기 \n시작하면 새우젓 1,마늘을 넣어 간을 맞추어 주고 썰어놓은 무와 양파를 \n넣어 한번 더 끓여 주세요~~', 'image_url': 'https://recipe1.ezmember.co.kr/cache/recipe/2017/12/11/089165993acbcddd2c094d9143c0b20b1.jpg'}, {'step_number': 4, 'description': '콩나물을 넣어 주시고 뚜껑을 닫아\n한소끔 끓여 주세요~~', 'image_url': 'https://recipe1.ezmember.co.kr/cache/recipe/2017/12/11/4acd70a939f10d17b6af4f4e939382be1.jpg'}, {'step_number': 5, 'description': '콩나물을 넣고 뚜껑을 닫아 한번 더 끓여 준뒤에 은근한불로 줄여 끓여 주신뒤에\n냉장고에 두부가 있으시면 두부를 \n썰어서 넣어 주시고 ~~', 'image_url': 'https://recipe1.ezmember.co.kr/cache/recipe/2017/12/11/6f934104f21cb4cc82f68ce9d86ccc261.jpg'}, {'step_number': 6, 'description': '마지막으로 대파,청양고추,홍고추를 어슷썰어 넣어 주시면 얼큰하면서도 국물맛이 시원한 돼지고기국이 \n완성됩니다..\n각자 가족들 입맛에 맞게 새우젓을\n넣어 간을 맞추어 주시면 됩니다~~\n육수의 시원함과 무와 콩나물의 \n시원함,돼지고기와 새우젓이 들어가 국물맛이 시원하면서도 개운한맛을 \n느끼게 해주는 돼지고기국을 끓여 \n뜨끈한 밥 한공기 말아 먹으면 속이 확 풀릴것 같지 않으세요~~', 'image_url': 'https://recipe1.ezmember.co.kr/cache/recipe/2017/12/11/2f9d71eb1448bc51bab89b5227ff18401.jpg'}]"
45445,국/탕,일상,돼지고기,끓이기,"매콤한 갈비 살이 듬~뿍! 후~불어서 밥위에 한 점, 매운갈비볶음탕",None,"28,198",30분 이내,아무나,4인분,"[('돼지 갈비', '1kg'), ('양파', '2개'), ('새송이버섯', '2개'), ('감자', '2개'), ('당근', '1/2개'), ('대파', '2대'), ('청양고추', '4개'), ('황설탕', '3숟가락'), ('물', '5종이컵'), ('다진 마늘', '1숟가락'), ('진간장', '1/2종이컵'), ('굵은 고춧가루', '1숟가락'), ('고운 고춧가루', '1.5숟가락'), ('후추', '약간')]","통통~한 갈비살이 매콤한 볶음탕에 듬뿍!
하얀 쌀밥 위에 한 점 올려먹으면, 크으으으(엄지 척)

세상의 모든 레시피 만개의레시피","[{'step_number': 1, 'description': '돼지갈비는 물로 깨끗하게 씻고 끓는 물에 약 3-5분 정도 삶아 준비한다.돼지 갈비 1kg', 'image_url': 'https://recipe1.ezmember.co.kr/cache/recipe/2018/01/29/cb45170555da0a133eed8c33d10a0bb71.png'}, {'step_number': 2, 'description': '양파, 새송이버섯, 감자, 당근, 대파는 큼직하게 썰어 준비한다.청양고추는 어슷 썰어 준비한다.냄비에 삶은 돼지갈비와 황설탕을 넣고 돼지갈비를 익힌다.양파 2개 , 새송이버섯 2개 , 감자 2개 , 당근 1/2개 , 대파 2대 , 청양고추 4개 ,황설탕 3숟가락냄비', 'image_url': 'https://recipe1.ezmember.co.kr/cache/recipe/2018/01/29/7c50b2015046f407ac216e6e0559a2341.png'}, {'step_number': 3, 'description': '볶다가 양파를 넣고 양파가 흐물흐물해질 때까지 볶는다.', 'image_url': 'https://recipe1.ezmember.co.kr/cache/recipe/2018/01/29/d1b150f8593a3549d33da1f2bd9eb1ec1.png'}, {'step_number': 4, 'description': '3에 물을 넣고 물이 끓어오르면 당근, 감자를 넣는다.물 5종이컵', 'image_url': 'https://recipe1.ezmember.co.kr/cache/recipe/2018/01/29/23a9213e6dbf469ea630e167405529e91.png'}, {'step_number': 5, 'description': '감자가 투명해지면 다진 마늘, 진간장, 새송이버섯을 넣는다.다진 마늘 1숟가락 , 진간장 1/2종이컵', 'image_url': 'https://recipe1.ezmember.co.kr/cache/recipe/2018/01/29/5ad3349da02c693209a4d8bb2c2aa3c81.png'}, {'step_number': 6, 'description': '그다음 굵은 고춧가루, 고운 고춧가루, 후춧가루, 대파를 넣는다.굵은 고춧가루 1숟가락 , 고운 고춧가루 1+1/2숟가락 , 후추 약간', 'image_url': 'https://recipe1.ezmember.co.kr/cache/recipe/2018/01/29/96a7476101f59446ed80e2fc01a1cef11.png'}, {'step_number': 7, 'description': '마지막으로 청양고추를 넣어 완성한다.', 'image_url': 'https://recipe1.ezmember.co.kr/cache/recipe/2018/01/29/e61a8ac59eb20abd5a0f79c54c9ae6b01.png'}]"
45446,국/탕,일상,돼지고기,끓이기,묵은지와 감자가 만나면 묵은지감자탕~~~~,감자탕,"16,152",2시간 이상,중급,5인분,"[('등뼈', '1kg'), ('묵은지', '1쪽'), ('감자', '5개'), ('양파', '2개'), ('대파', '3뿌리'), ('다진마늘', '3T'), ('생강', '1쪽'), ('고추장', '2국자'), ('고추가루', '1국자'), ('소주', '1병'), ('월계수잎', '4개'), ('통후추', '1T')]","오랜시간을 들여야 먹을수 있는 감자탕
정성이 들어가는만큼 맛도 좋을듯해요","[{'step_number': 1, 'description': '등뼈는 한시간이상 찬물에 담가 핏물을 완전히 제거해준뒤 월계수잎과 통후추를 넣고 애벌끓이기를 해준다\n첫물은 버리고 새로 육수물을 부은뒤 감자와 고추장. 고추가루를 넣고 고기에 양념이 배이도록 푹 끓인다', 'image_url': 'https://recipe1.ezmember.co.kr/cache/recipe/2017/04/23/8b1dba044d925b776c55683d60d9b1c11.jpg'}, {'step_number': 2, 'description': '다진마늘을 넣어준뒤 고기가 무를때까지 끓여준다', 'image_url': 'https://recipe1.ezmember.co.kr/cache/recipe/2017/04/23/f9af2b849afad96bff653ae76e915f9d1.jpg'}, {'step_number': 3, 'description': '묵은지를 통채 넣어준다', 'image_url': 'https://recipe1.ezmember.co.kr/cache/recipe/2017/04/23/624f4c41eb47d7e8fa06212479a5da821.jpg'}, {'step_number': 4, 'description': '김치가 익을동안 채소들을 썰어둔다', 'image_url': 'https://recipe1.ezmember.co.kr/cache/recipe/2017/04/23/fc3264f56f55903f5524c32def3b8b971.jpg'}, {'step_number': 5, 'description': '마무리로 채소들을 넣고 10분정도 끓인뒤 간을 맞춘다(싱거울경우 소금으로 간하기)', 'image_url': 'https://recipe1.ezmember.co.kr/cache/recipe/2017/04/23/ade2e8b65050052ac77677e1090ea02f1.jpg'}]"
45447,국/탕,일상,돼지고기,끓이기,시판 사골육수 활용 김치돼지고기말이 김치찌개전골 만들기,김치돼지고기말이전골,"1,284",30분 이내,아무나,2인분,"[('사골곰탕', '500g'), ('물', '200ml'), ('삼겹살', '400g'), ('묵은지 꽁다리', '6잎'), ('두부', '1/2모'), ('느타리버섯', '1줌'), ('대파', '1/2대'), ('땡초', '1개'), ('고추가루', '2T'), ('설탕', '1/2T'), ('다진마늘', '1T'), ('김치국물', '약간')]","얼큰한 국물 좋아하는 한국인으로서 최애요리 중 하나죠.
특히 쌀랑한 바람불 때 뜨끈한 국물에 밥한공기!!
고소한 계란말이까지 있으면 금상첨화구요.
손쉽게 살 수 있는 시판사골육수활용 해서 만들어볼게요.
사골육수와 삼겹살이 메인 재료니 어디 펜션이나 바베큐 등 놀러가서 하기도 좋더라구요.
오늘은 김치돼지고기말이 김치찌개전골만들기 레시피 에용!","[{'step_number': 1, 'description': '묵은지를 잎을 떼네어 준비해주세요. 김치꽁다리가 들어가면 끓일수록 더욱 시원해지는 국물 맛을 주어 더 좋습니다. 삼겹살은 잘 해동한 후 키친타올로 핏기를 닦아줍니다.키친타올', 'image_url': 'https://recipe1.ezmember.co.kr/cache/recipe/2023/03/15/17643c2b98cb6f43e67516e650e039681.jpg'}, {'step_number': 2, 'description': '요렇게 나란히 돌돌 말아서 준비해주세요. 남은 묵은지는 숭덩숭덩 썰어 주세요.조리용나이프', 'image_url': 'https://recipe1.ezmember.co.kr/cache/recipe/2023/03/15/4051f90df0e532f47815c3ce4d3a6ecc1.jpg'}, {'step_number': 3, 'description': '전골냄비에 잘말아둔 고기와 썰어둔 김치를 한쪽에 잘 셋팅합니다. 물과 사골육수를 부어준 뒤 간마늘과 고추가루를 넣고 한차례 끓입니다. 신김치에 설탕 약간은 탁월한 맛밸런스를 맞춰줍니다.전골냄비뚜껑을 꼭 닫아주셔야 푹 익어용~~', 'image_url': 'https://recipe1.ezmember.co.kr/cache/recipe/2023/03/15/3b9f28f6396aa3df8ad531604f41086e1.jpg'}, {'step_number': 4, 'description': '15분쯤 뒤 속까지 푹익어졌어요. 간을 보면 살짝 짭짤해야해용. 여기서 두부와 버섯을 넣어서 끓이면 간이 딱 맞춰집니다.', 'image_url': 'https://recipe1.ezmember.co.kr/cache/recipe/2023/03/15/2dfd7b5ce604dbfe4d6249a36966d4e61.jpg'}, {'step_number': 5, 'description': '요렇게 다채롭게 채소와 두부를 채워주시고 끓여드시면 됩니다! 비주얼이 맛깔나보이지요~ 전 한소끔 끓여 먹었는데 끓이면서 드셔도 되어요~ 간을 보시고 삼삼하다 싶음 김치국물을 더해 맞추어 완성시켜주세요.', 'image_url': 'https://recipe1.ezmember.co.kr/cache/recipe/2023/03/15/2e19d8b330076e082aa3ead6d2bb0ec81.jpg'}]"
45448,국/탕,일상,돼지고기,끓이기,백종원 7분 김치찌개 돼지고기김치찌개,돼지고기김치찌개,"10,038",20분 이내,아무나,4인분,"[('신김치', '300g'), ('돼지고기', '300g'), ('쌀뜨물', '400ml'), ('양파 소', '1/2개'), ('대파', '1줌'), ('고춧가루', '1숟갈'), ('까나리 액젓', '1숟갈'), ('다진 마늘', '0.5숟갈')]",자주 먹어도 질리지 않는 한국인의 소울푸드 김치찌개 새마을식당 인기 메뉴를 응용해서 끓인 백종원 7분 김치찌개 레시피 소개합니다,"[{'step_number': 1, 'description': '돼지고기 찌개부위는 앞다리살, 목살, 삼겹살 등 좋아하시는 부위로 준비해 주세요조미료 없이 김치찌개 맛내기에는 기름기가 있는 부위를 넣으면 돼지기름이 국물에 녹아 나와 국물맛이 좋아져요', 'image_url': 'https://recipe1.ezmember.co.kr/cache/recipe/2023/03/15/6d8a67493a54fff267ad2f66b20e4a401.jpg'}, {'step_number': 2, 'description': '삼겹살은 먹기 좋은 크기로 자르고도마 , 조리용나이프', 'image_url': 'https://recipe1.ezmember.co.kr/cache/recipe/2023/03/15/9f33caab92bd49999a3dea6b1dcee7281.jpg'}, {'step_number': 3, 'description': '찌개용 김치는 신김치나 묵은지로 준비하여 먹기 좋은 크기로 잘라줍니다', 'image_url': 'https://recipe1.ezmember.co.kr/cache/recipe/2023/03/15/98033c9ec15e7a54606cee41082287be1.jpg'}, {'step_number': 4, 'description': '양파(소)1/2개 작게 썰어줍니다', 'image_url': 'https://recipe1.ezmember.co.kr/cache/recipe/2023/03/15/b6aa0f6ad9f4a16010b9fa30004600221.jpg'}, {'step_number': 5, 'description': '냄비에 돼지고기와 쌀뜨물 2컵(400ml)를 넣고 끓여줍니다냄비', 'image_url': 'https://recipe1.ezmember.co.kr/cache/recipe/2023/03/15/30ae1318cdbf35bb8b558b12039a59ef1.jpg'}, {'step_number': 6, 'description': '찬물일 때부터 고기를 넣어 끓여서 국물에 돼지기름이 녹아 나오게 끓이는게 7분 김치찌개의 핵심이라고 할 수 있어요이 과정에서 약 10분 정도 충분히 끓이면 국물 맛이 훨씬 좋아져요', 'image_url': 'https://recipe1.ezmember.co.kr/cache/recipe/2023/03/15/de41ceeeca7d3d29eef85dc9eae560991.jpg'}, {'step_number': 7, 'description': '돼지고기 기름이 육수에 우러나면 잘라놓은 신 김치를 넣고 고춧가루 1숟갈 듬뿍 넣고 다진 마늘 0.5숟갈, 국간장 또는 액젓 1숟갈 넣어 간을 해 줍니다', 'image_url': 'https://recipe1.ezmember.co.kr/cache/recipe/2023/03/15/67f91045cf0e1739d47b2d4bb5ccc16d1.jpg'}, {'step_number': 8, 'description': '자른 양파도 넣어 섞은 다음 뚜껑을 닫고 중강불에서 7분간 끓여줍니다 7분김치찌개는 시작부터 마무리까지 7분아니고 여기부터 7분 스타트!', 'image_url': 'https://recipe1.ezmember.co.kr/cache/recipe/2023/03/15/5633fd724909745e8e250b3eaecfb3b01.jpg'}, {'step_number': 9, 'description': '타이머 맞춰놓고 7분 끓인 모습이이에요 쌀뜨물을 넣어끓여 물로 끓일 때보다 진한 국물이 나와요시간이 된다면 푹~ 끓여주면 더 진한 찌개가 되겠죠 :)', 'image_url': 'https://recipe1.ezmember.co.kr/cache/recipe/2023/03/15/b9f1b77a121ea41ee8231c3db5a1054b1.jpg'}, {'step_number': 10, 'description': '마무리로 대파 송송 썰어 올려주면 백종원 7분 김치찌개 완성이에요 매콤 새콤 시원하고 칼칼하고 맛있어요! 밥에 찌개 듬뿍, 계란후라이, 김가루 올려 비벼 드시면 꿀맛이에요', 'image_url': 'https://recipe1.ezmember.co.kr/cache/recipe/2023/03/15/7eb817b008fbdd3173ede1f85dda044b1.jpg'}]"
45449,국/탕,일상,돼지고기,끓이기,남편이 좋아하는 돼지고기 김치국밥,돼지고기김치국밥,"1,078",30분 이내,아무나,1인분,"[('묵은지', '1/8쪽'), ('돼지고기', '150g'), ('대파', '1/2대'), ('콩나물', '100g'), ('달걀', '2개'), ('밥', '1공기'), ('멸치다시마육수', '4컵'), ('맛술', '1숟가락'), ('마늘', '약간'), ('식용유', '약간')]","요즘 방학이라 남편과 둘이 함께 하는 시간이 많습니다. ""여보! 김치 국밥 먹고 싶다!"" 마트에서 돼지고기, 콩나물 사 와 뚝딱 만들어 먹었습니다.","[{'step_number': 1, 'description': '멸치와 다시마로 육수를 내고, 김치, 대파는 먹기 좋은 크기로 썰어 준비한다.', 'image_url': 'https://recipe1.ezmember.co.kr/cache/recipe/2023/01/30/ca50c9d882bd21d28b646340265e4e6f1.jpg'}, {'step_number': 2, 'description': '식용유를 약간 두르고 돼지고기, 마늘, 맛술을 넣고 볶아준다.', 'image_url': 'https://recipe1.ezmember.co.kr/cache/recipe/2023/01/30/f968c178ab06a9f4aea5468aa1300a141.jpg'}, {'step_number': 3, 'description': '육수, 김치, 콩나물을 넣고 뚜껑을 닫고 끓여준다.', 'image_url': 'https://recipe1.ezmember.co.kr/cache/recipe/2023/01/30/84da5459697fac6e70dee2116d61ed121.jpg'}, {'step_number': 4, 'description': '김치국물로 간을 맞추고 마지막에 대파를 넣고 마무리한다.', 'image_url': 'https://recipe1.ezmember.co.kr/cache/recipe/2023/01/30/b4059d070bad7bbadc161280bba0c56d1.jpg'}, {'step_number': 5, 'description': '뚝배기를 달궈 밥과 함께 담아준 후 달걀을 얹어준다.', 'image_url': 'https://recipe1.ezmember.co.kr/cache/recipe/2023/01/30/857c265479ba1790c541e23f044284d81.jpg'}]"
45450,국/탕,일상,돼지고기,끓이기,편스토랑 남보라 육개장 돼지고기 목살 요리 초간단 육개장 얼큰한 국물요리 숙취해소 해장국 feat. 시판 사골육수,육개장,"1,939",20분 이내,아무나,4인분,"[('돼지고기 목살', '300g'), ('고춧가루', '4T'), ('고사리                                                                                또는 숙주', '300g'), ('대파', '1대'), ('시판 사골육수', '1L'), ('다진 마늘', '1T'), ('멸치 액젓', '2T'), ('맛술', '1T'), ('간장', '1T')]",소고기가 아닌 돼지고기 목살로 끓인 육개장!! 고사리 또는 숙주 듬뿍 넣어 얼큰한 육개장!!,"[{'step_number': 1, 'description': '대파는 길게 반으로 가르고 3~4cm 길이로 썬다.', 'image_url': 'https://recipe1.ezmember.co.kr/cache/recipe/2023/04/20/626b63bcbf022356e9861d1d82fdfe0c1.jpg'}, {'step_number': 2, 'description': '달군 팬에 식용유를 두르고 목살을 노릇해질 때까지 구워 먹기 좋은 크기로 자른다.', 'image_url': 'https://recipe1.ezmember.co.kr/cache/recipe/2023/04/20/2b87b0f283a9cc60743fd6d3e028a7181.jpg'}, {'step_number': 3, 'description': '2에 고춧가루 4T를 넣고 타지 않게 1분 정도 볶아 고추기름을 낸다', 'image_url': 'https://recipe1.ezmember.co.kr/cache/recipe/2023/04/20/11aff81d9e083546f7f6833dfea413dc1.jpg'}, {'step_number': 4, 'description': '3에 다진 마늘 1T, 맛술 1T, 멸치 액젓 2T, 고사리 또는 숙주를 넣고 섞는다.', 'image_url': 'https://recipe1.ezmember.co.kr/cache/recipe/2023/04/20/107c23b7f26f07a14339265033d5dee91.jpg'}, {'step_number': 5, 'description': '4에 시판 사골육수 1L를 붓고 중불에서 끓인 뒤 대파, 간장 1T를 넣고 한소끔 끓여 마무리한다.중불', 'image_url': 'https://recipe1.ezmember.co.kr/cache/recipe/2023/04/20/7b47eb7c891517c8c7ff605360a9d5811.jpg'}]"
45451,국/탕,일상,돼지고기,끓이기,필살! 고추장찌개 레시피,고추장찌개,"1,675",10분 이내,초급,4인분,"[('돼지고기 찌개용', '300g'), ('양파', '1/2개'), ('애호박', '1/2개'), ('감자', '1/2개'), ('버섯', '1개'), ('고추장', '2스푼'), ('고춧가루', '1스푼'), ('국간장', '2스푼'), ('설탕', '0.5스푼'), ('다진마늘', '1스푼')]",고추장만 넣고 푹 끓이면 별 재료 없이도 너무 맛있는 고추장찌개 캠핑장 같은 야외에서도 많이들 드시고 술안주로도 너무 좋아요,"[{'step_number': 1, 'description': '준비된 채소를 먹기좋은 크기로 썰어주세요채소는 양은 상관없지만 꼭 1가지는 넣어주세요', 'image_url': 'https://recipe1.ezmember.co.kr/cache/recipe/2023/04/21/ac2525e6b7b51961cfb54ad0219361761.jpg'}, {'step_number': 2, 'description': '찌개용 고기를 팬에 한번 볶아주세요센불고기를 한번 볶은 후 물을 부으면 냄새가 덜해요', 'image_url': 'https://recipe1.ezmember.co.kr/cache/recipe/2023/04/21/b9a7902bbc026165de9e82e1d531d26a1.jpg'}, {'step_number': 3, 'description': '겉면이 익으면 물을 부어주세요. 큰컵으로 2컵정도 고기가 잠길정도면 좋아요센불물을 너무 많이 넣으면 찌개가 아니라 국처럼 되니까 자작하게 넣어요', 'image_url': 'https://recipe1.ezmember.co.kr/cache/recipe/2023/04/21/51be6b6276e78f3fc6fb0fc332c1da541.jpg'}, {'step_number': 4, 'description': '양념 재료들을 넣고 잘 풀어주세요고춧가루 1스푼 고추장 2스푼 다진마늘 1스푼 설탕 0.5스푼 국간장 2스푼국간장 없으면 진간장 넣어도 됩니다', 'image_url': 'https://recipe1.ezmember.co.kr/cache/recipe/2023/04/21/d4efd39f656f516c7168dc6592b8ae361.jpg'}, {'step_number': 5, 'description': '썰어둔 채소들을 넣어주세요금방 익지 않는 재료부터 넣어주시면 더욱 좋지만\n귀찮으면 한번에 넣고 끓여주세요', 'image_url': 'https://recipe1.ezmember.co.kr/cache/recipe/2023/04/21/3143a54cd07ed7c0420281e0e90e8ac61.jpg'}, {'step_number': 6, 'description': '채소가 익을때까지 팔팔 끓여주세요. 간을 보면서 추가로 맞춰주세요간을 봤는데 맛이 덜하다 싶으면 액젓을 조금 추가해보세요~\n고추장찌개는 고기가 들어갔기 때문에 끓일수록 맛이 깊어집니다', 'image_url': 'https://recipe1.ezmember.co.kr/cache/recipe/2023/04/21/1bb036218abbe1f399b80bf7f8213b151.jpg'}]"
45452,국/탕,일상,돼지고기,끓이기,돼지고기 듬뿍 넣은 고추장찌개,돼지고기고추장찌개,"1,655",30분 이내,초급,4인분,"[('돼지고기', '300g'), ('감자', '1개'), ('양파', '1개'), ('애호박', '1/2개'), ('새송이버섯', '1개'), ('마늘', '3알'), ('대파', '1/2'), ('청양고추', '1개'), ('고추장', '3큰술'), ('고춧가루', '2큰술'), ('국간장', '2큰술'), ('맛술', '1큰술'), ('소금', '약간'), ('후추', '약간'), ('코인 육수', '1개')]",돼지고기의 고소함이 가득한 고추장 찌개 만들었어요!,"[{'step_number': 1, 'description': '채소들을 비슷한 크기들로 썰어줍니다.', 'image_url': 'https://recipe1.ezmember.co.kr/cache/recipe/2023/05/31/485fe02f457886a4ed13c9e0251406061.jpg'}, {'step_number': 2, 'description': '오일 한큰술에 다진마늘, 파로 향을 내준 후', 'image_url': 'https://recipe1.ezmember.co.kr/cache/recipe/2023/05/31/25e0113d7ca72152ff44db8c70bc6ebc1.jpg'}, {'step_number': 3, 'description': '돼지고기와 후추를 넣고 볶아줍니다.', 'image_url': 'https://recipe1.ezmember.co.kr/cache/recipe/2023/05/31/160af45db9e6a21778c7f23f6c095e8a1.jpg'}, {'step_number': 4, 'description': '잡내를 없앨 맛술 1큰술,', 'image_url': 'https://recipe1.ezmember.co.kr/cache/recipe/2023/05/31/be6d2676bfb79f130d258d4e6544c2e21.jpg'}, {'step_number': 5, 'description': '국간장1큰술을 넣고 볶다가', 'image_url': 'https://recipe1.ezmember.co.kr/cache/recipe/2023/05/31/29db5d4f263e3b46c8b4800703486a791.jpg'}, {'step_number': 6, 'description': '고춧가루 2큰술을 넣고 고추기름을 낸 후,', 'image_url': 'https://recipe1.ezmember.co.kr/cache/recipe/2023/05/31/602b03114076026aafc589d60787ddf11.jpg'}, {'step_number': 7, 'description': '고추장 3큰술을 넣고', 'image_url': 'https://recipe1.ezmember.co.kr/cache/recipe/2023/05/31/9cce344f0e3a17456aa20fa90d11162d1.jpg'}, {'step_number': 8, 'description': '타지않게 중불에서 볶아줍니다.', 'image_url': 'https://recipe1.ezmember.co.kr/cache/recipe/2023/05/31/aaf0bc5856ba09c4cff17507923409271.jpg'}, {'step_number': 9, 'description': '물을 넣고 센불로 끓이면서,', 'image_url': 'https://recipe1.ezmember.co.kr/cache/recipe/2023/05/31/9525444aaa101de162fbdcf92fa5db241.jpg'}, {'step_number': 10, 'description': '감자와 양파를 넣고 끓여줍니다.', 'image_url': 'https://recipe1.ezmember.co.kr/cache/recipe/2023/05/31/506fe702adfc483dd6d241bafc5d00121.jpg'}, {'step_number': 11, 'description': '끓으면 애호박과 버섯,', 'image_url': 'https://recipe1.ezmember.co.kr/cache/recipe/2023/05/31/8ed9e5e195f983740b8fc4b158e0d79f1.jpg'}, {'step_number': 12, 'description': '파, 청양고추를 넣고 국간장, 코인육수1개, 소금으로 간을 맞춥니다.', 'image_url': 'https://recipe1.ezmember.co.kr/cache/recipe/2023/05/31/d85821a1373666b0867dd245dfe160881.jpg'}, {'step_number': 13, 'description': '완성!', 'image_url': 'https://recipe1.ezmember.co.kr/cache/recipe/2023/05/31/3bdd1df75be96a051ad18b161e61491c1.jpg'}]"
45453,국/탕,일상,돼지고기,끓이기,뼈다귀 해장국 끓이기~여기에 감자를 넣음 감자탕,None,"1,346",None,None,None,"[('돼지등뼈', '2.3kg'), ('묵은지', '1/4쪽'), ('대파', '2개'), ('양파', '1/4개'), ('깻잎', '10장'), ('마늘', '1큰술'), ('된장', '2큰술'), ('액젓', '3큰술'), ('들깨가루', '4큰술'), ('고춧가루', '4큰술'), ('소금', '1/2큰술'), ('후추', '조금'), ('생수', '15~17컵'), ('생강', '1쪽'), ('마늘', '5개'), ('월계수잎', '3-4장'), ('통후추', '5~6알'), ('청주                                                                                또는 맛술', '적당량')]",,[]
