index,종류별,상황별,재료별,방법별,글 제목,레시피이름,조회수,조리시간,난이도,인분,재료,소개글,조리순서
43203,메인반찬,간식,닭고기,굽기,"마늘향 가득, 오븐갈릭치킨구이 만들기!",갈릭치킨,"13,753",2시간 이상,중급,3인분,"[('토막 닭', '1팩'), ('우유', '450ml'), ('후춧가루', '약간'), ('마늘', '16알'), ('마늘가루', '1작은술'), ('청양고추', '4개'), ('미림', '2큰술'), ('식초', '2작은술'), ('올리브유', '6큰술'), ('올리고당', '2.5큰술'), ('소금', '2작은술'), ('후춧가루', '1/2작은술')]","치킨을 워낙에 좋아하는 저희집 남자들은 일주일에 2~3번은 치킨을 먹는데, 
어젠 마늘향이 솔~솔~ 나는 갈릭소스로 재운 오븐갈릭치킨구이를 만들어주었어요.","[{'step_number': 1, 'description': '닭은 흐르는 물에 씻어 물기를 제거한뒤, 볼에 우유, 후춧가루와 함께 넣고 20~30여분정도 재워두었다가 흐르는 물에 깨끗하게 씻어 물기를 빼주세요. 윗 사진 속 토막닭엔 닭다리가 4개지요? 저희 가족수에 맞춰 4개로 준비했어요~', 'image_url': 'https://recipe1.ezmember.co.kr/cache/recipe/2016/01/20/e75c4a1c4f27a0d6b5b32c6ddb34272b1.jpg'}, {'step_number': 2, 'description': '체에 받쳐 준 닭의 물기가 제거되는 동안 갈릭소스를 만들어주심 되요. 갈릭소스는 분량의 재료 모두 믹서용기에 넣고 갈아주세요.', 'image_url': 'https://recipe1.ezmember.co.kr/cache/recipe/2016/01/20/1b9bcb6db2c91fffa5b4139a17326e411.jpg'}, {'step_number': 3, 'description': '물기제거한 토막닭을 볼에 담고, 믹서기에서 갈아 만든 갈릭소스를 넣고 섞어준뒤 지퍼팩에 냉장고에서 2시간이상 재워두세요. 냉장고에 넣어둔 지퍼팩은 수시로 뒤집어주시면 되구요. 저는 주로 전날밤에 재워둬요.', 'image_url': 'https://recipe1.ezmember.co.kr/cache/recipe/2016/01/20/de7c3e6ce1338c4a4ee565ec7d581e251.jpg'}, {'step_number': 4, 'description': '재워두었던 닭은 오븐팬에 담아 230도로 예열된 오븐에서 45~50여분정도 구워주세요. 중간에 한번 뒤집어주시구요.오븐', 'image_url': 'https://recipe1.ezmember.co.kr/cache/recipe/2016/01/20/a1f129aa0e7ebf6c117f6c405c082c581.jpg'}]"
43204,메인반찬,간식,닭고기,굽기,치킨텐더로 치킨롤 만들기,치킨롤,"1,868",15분 이내,아무나,2인분,"[('각종과일', ''), ('피자도우', ''), ('식용유', ''), ('치킨텐더', ''), ('블럭 체다치즈', '적당량'), ('생크림', ''), ('설탕', ''), ('머스타드소스', ''), ('초코시럽', '')]",치킨롤은 봄 나들이 도시락으로도 좋을것 같고 아이들 간식이나 술 안주로도 좋을것 같아요.,"[{'step_number': 1, 'description': '피자도우를 80%정도 해동한 후 가위로 4등분 해줍니다.', 'image_url': 'https://recipe1.ezmember.co.kr/cache/recipe/2015/07/07/f4de02b265a4bf182495af050b982d011.jpg'}, {'step_number': 2, 'description': '튀김기에 새 기름을 붓고 180℃로 예열합니다.', 'image_url': 'https://recipe1.ezmember.co.kr/cache/recipe/2015/07/07/5f5570e01ce5473254221c77053ae6f01.jpg'}, {'step_number': 3, 'description': '예열된 튀김기에 넣어 튀겨줍니다.', 'image_url': 'https://recipe1.ezmember.co.kr/cache/recipe/2015/07/07/ffbaeb0177e9f59e6cf68046abd7e8dd1.jpg'}, {'step_number': 4, 'description': '아까 4등분 해 놓았던 피자도우에 치킨텐더를 올리고 이렇게 붙여줍니다.', 'image_url': 'https://recipe1.ezmember.co.kr/cache/recipe/2015/07/07/8e9d6fee17e841ad84f283e2deaef7b01.jpg'}, {'step_number': 5, 'description': '양쪽 사이드에 체다치즈 잘라서 넣어줍니다. 이렇게 해야 모양이 유지됩니다.', 'image_url': 'https://recipe1.ezmember.co.kr/cache/recipe/2015/07/07/91774d909140e0db2ccb36eddb9ae7ac1.jpg'}, {'step_number': 6, 'description': '완전 바삭하게 만들어진 치킨롤 위에 생크림을 휘핑하여 얹어주고 본인이 원하는 과일을 얹으면 상큼하고 화려한 치킨롤이 완성됩니다.', 'image_url': 'https://recipe1.ezmember.co.kr/cache/recipe/2015/07/07/43fb4beb5bb55a8f72c467f2341cba111.jpg'}]"
43205,메인반찬,간식,닭고기,굽기,에어프라이어를 이용한 로스트치킨 만들기 ~ 옛날통닭만드는법,로스트치킨,"1,317",120분 이내,아무나,2인분,"[('닭', '700g'), ('우유', '300ml'), ('맛술', '30ml'), ('소금', '0.5큰술'), ('후추', '0.5큰술'), ('통후추', '적당량'), ('돼지갈비양념', '3큰술'), ('올리브유', '2큰술'), ('로즈마리', '약간'), ('감자', '2개')]",에어프라이어를 이용하여 간단한 전기구이통닭느낌의 옛날통닭을 만들었어요 !,"[{'step_number': 1, 'description': '닭의 잡내가 많이나는 부위인 목과 꼬랑지 그리고 닭 날개 끝부분을 잘라줍니다', 'image_url': 'https://recipe1.ezmember.co.kr/cache/recipe/2022/08/04/5db6fb2a9a8700fd37031f1299abb98b1.jpg'}, {'step_number': 2, 'description': '손질한 닭은 흐르는물로 깨끗하게 씻어 주세요', 'image_url': 'https://recipe1.ezmember.co.kr/cache/recipe/2022/08/04/9ae7097a22469f81302dd5ef1a666a2f1.jpg'}, {'step_number': 3, 'description': '큰 볼에 닭을 넣고 우유를 담아주세요\n20분간 담궈놓은 후 닭을 뒤집어 20분동안 우유에 담궈놓습니다 (총 40분)', 'image_url': 'https://recipe1.ezmember.co.kr/cache/recipe/2022/08/04/fd77a1a08c548ac1b35c83f369271afc1.jpg'}, {'step_number': 4, 'description': '40분이 지나면 닭을 흐르는물에 세척한 후 물기를 제거해주세요 \n그리고 볼에 담아 소금 + 후추 + 통후추 + 돼지갈비 양념 을 넣어 닭을 마사지 해줍니다20분간 실온에서 양념이 베이게끔 재워주세요 ~', 'image_url': 'https://recipe1.ezmember.co.kr/cache/recipe/2022/08/04/34a98803323e039c726c289a19f48c0b1.jpg'}, {'step_number': 5, 'description': '20분 후 간장양념을 입은 통닭을 구워줄꺼예요\n에어프라이어 모드로 180도로 20분 구워주세요\n닭을 팬에 넣을때 양념을 다 붓지마시고 2큰술정도 남겨놓으세요 ~\n(뒤집었을때 뿌려줄꺼랍니다)\n에어프라이어', 'image_url': 'https://recipe1.ezmember.co.kr/cache/recipe/2022/08/04/6413365c0f67b057ca6934698a754f291.jpg'}, {'step_number': 6, 'description': '닭을 뒤집어 준 후 남은 소스를 발라줍니다\n다시 180도에서 20분 구워주세요', 'image_url': 'https://recipe1.ezmember.co.kr/cache/recipe/2022/08/04/6121a3c0c8ba75aec6d2408578810dbb1.jpg'}, {'step_number': 7, 'description': '손질한 감자에 로즈마리와 올리브유 소금으로 간을 해준 후 치킨과 함께 에어프라이어에서 구워주세요', 'image_url': 'https://recipe1.ezmember.co.kr/cache/recipe/2022/08/04/2e0e402770caa4ec6aa68042f0566f261.jpg'}, {'step_number': 8, 'description': '로즈마리올리브유를 치킨에 살짝 발라주었답니다 \n올리브유를 발라주면 더욱 바삭하게 구워지고 광택이 나게 도와줘요 ~ \n올리브유를 바르고 200도로 온도를 올려 10분씩 앞뒤로 (총 20분) 구워주었어요', 'image_url': 'https://recipe1.ezmember.co.kr/cache/recipe/2022/08/04/192dbeb53cff7e09fb80046fb855d06e1.jpg'}, {'step_number': 9, 'description': '그릇에 덜어 맛있게 드시면 됩니다', 'image_url': 'https://recipe1.ezmember.co.kr/cache/recipe/2022/08/04/60a3624081091a316e10eb7d197a30e81.jpg'}]"
43206,메인반찬,간식,닭고기,굽기,"맛이 없을 수 없는 조합! ""닭가슴살 피자 소시지""",닭가슴살피자소시지,397,10분 이내,아무나,2인분,"[('수비드림 닭가슴살소시지', '2개'), ('스위트콘', '30g'), ('빨강파프리카', '1/4개'), ('노랑파프리카', '1/4개'), ('양파', '1/4개'), ('토마토소스', '50g'), ('모짜렐라치즈', '20g')]","빵 없이 소시지 만으로 만들어 먹을 수 있는 

맛이 없을 수 없는 조합!

간식, 안주 어디에나 어울리는 최고의 레시피!","[{'step_number': 1, 'description': '피자 소시지에 들어갈 재료를 준비해주세요.', 'image_url': 'https://recipe1.ezmember.co.kr/cache/recipe/2022/11/17/1c2cba9a93decd62338a225544c8bd561.jpg'}, {'step_number': 2, 'description': '양파와 피망은 잘게 다져주세요!', 'image_url': 'https://recipe1.ezmember.co.kr/cache/recipe/2022/11/17/5a5ced1793118bcf1358af61c9f4c71d1.jpg'}, {'step_number': 3, 'description': '스위트콘은 물기를 빼고 담아주세요!', 'image_url': 'https://recipe1.ezmember.co.kr/cache/recipe/2022/11/17/a143683e5254cf46783ca66d1ee98dd41.jpg'}, {'step_number': 4, 'description': '해동된 소시지는 길게 반으로 갈라주세요!\n(끝 부분은 자르지 않고 남겨주세요!)', 'image_url': 'https://recipe1.ezmember.co.kr/cache/recipe/2022/11/17/b2cfb039c254bbd3d5d0f0ba899e6d9f1.jpg'}, {'step_number': 5, 'description': '야채와 스위트콘, 토마토소스를 함께 버무려주세요!', 'image_url': 'https://recipe1.ezmember.co.kr/cache/recipe/2022/11/17/ce7dd858c40978037d87e29153128bf81.jpg'}, {'step_number': 6, 'description': '소시지에 버무린 야채를 넣어주세요!', 'image_url': 'https://recipe1.ezmember.co.kr/cache/recipe/2022/11/17/c25f1e7d7834eb0487923b13abb10a761.jpg'}, {'step_number': 7, 'description': '오븐 트레이에 소시지를 올리고 치즈토핑을 올려주세요!', 'image_url': 'https://recipe1.ezmember.co.kr/cache/recipe/2022/11/17/687a413248c3375660af1bd5e1f34a471.jpg'}, {'step_number': 8, 'description': '180℃에서 5분 익힌 후 접시에 담으면 완성!오븐', 'image_url': 'https://recipe1.ezmember.co.kr/cache/recipe/2022/11/17/d841e4a5c629b5a0124343e5f5bdbf451.jpg'}]"
43207,메인반찬,간식,닭고기,굽기,치킨치즈커틀릿,치킨치즈커틀릿,"2,117",30분 이내,초급,4인분,"[('닭가슴살', '4장'), ('체다슬라이스치즈', '4장'), ('크림치즈', '4스푼'), ('밀가루', '적당량'), ('달걀', '2개'), ('식빵', '3장'), ('포도씨오일', '1/2컵'), ('소금', '약간'), ('후춧가루', '적당량'), ('케첩', '적당량')]","연말에 닭고기 좋아하는 우리집 녀석들을 위해서 만든 요리예요. 게다가 치즈까지 듬뿍 넣어서 만든, 이게 먹을 때 은근히 느끼한듯 하면서도 끌리는 맛이라는 거죠.","[{'step_number': 1, 'description': '들어가는 주재료는 다음과 같습니다. 닭가슴살과 크림치즈와 그리고 체다슬라이스치즈.', 'image_url': 'https://recipe1.ezmember.co.kr/cache/recipe/2015/09/02/960fee1c827b5f49c9a8aa54e459e8751.jpg'}, {'step_number': 2, 'description': '먼저 닭가슴살은 옆으로 편으로 잘라서 넓적하게 펴줍니다.', 'image_url': 'https://recipe1.ezmember.co.kr/cache/recipe/2015/09/02/27204e6bc1b714f0599d2b338f6a0b141.jpg'}, {'step_number': 3, 'description': '편으로 잘라주면 이렇듯 넓적하게 펴진답니다. 펼친 닭가슴살은 약간의 소금을 솔솔 뿌려서 밑간을 하세요.', 'image_url': 'https://recipe1.ezmember.co.kr/cache/recipe/2015/09/02/1c63016a7ed92f852b06c2453dd3471c1.jpg'}, {'step_number': 4, 'description': '닭가슴살 위에 체다슬라이스치즈와 크림치즈 한숟갈씩을 올리시구요.', 'image_url': 'https://recipe1.ezmember.co.kr/cache/recipe/2015/09/02/42c38dc49ccc5f17ecfa0469b725ee241.jpg'}, {'step_number': 5, 'description': '반으로 포개서 아무려주고 역시 약간의 소금과 후춧가루 솔솔 뿌려서 닭고기에 밑간을 해주도록 합니다.', 'image_url': 'https://recipe1.ezmember.co.kr/cache/recipe/2015/09/02/b3bb2d247d289a8c070cedd96343dfa11.jpg'}, {'step_number': 6, 'description': '시판되는 빵가루 대신에 냉동실에 어딘가 굴러다니는 식빵 먹다 남은 것을 해동해서 사용했어요. 식빵을 대충 잘라서 푸드프로세서에 넣고 갈아주세요.', 'image_url': 'https://recipe1.ezmember.co.kr/cache/recipe/2015/09/02/4fc07b88886dd71a5e531642702d81571.jpg'}, {'step_number': 7, 'description': '닭가슴살을 밀가루를 골고루 앞뒤로 묻히고, 이어서 달걀 푼 것에 담갔다가, 빵가루를 묻혀서 튀김옷을 입혀주세요.', 'image_url': 'https://recipe1.ezmember.co.kr/cache/recipe/2015/09/02/5e2046b2d98ae476520c0386d16affc11.jpg'}, {'step_number': 8, 'description': '튀김팬에 튀겨도 좋지만, 이런 경우 안에 치즈가 들어가 있어서 혹시라도 튀기다가 치즈가 줄줄 녹아서 새어나오기 쉽거든요. 그럴때는 오븐을 이용해서 튀겨줘요. 오븐에 들어가기 전에 포도씨오일을 앞뒤로 적셔주세요.', 'image_url': 'https://recipe1.ezmember.co.kr/cache/recipe/2015/09/02/9d5bd016f20a6842f0ab45ceaf580e6c1.jpg'}, {'step_number': 9, 'description': '오븐팬에 간격을 두고 닭가슴살을 올리고 230도로 미리 예열한 오븐에 넣고 컨벡션 기능으로 해서 20분간 구워주면 끝.오븐', 'image_url': 'https://recipe1.ezmember.co.kr/cache/recipe/2015/09/02/46be212ae1f45b751ca03aefa6b1612a1.jpg'}]"
43208,메인반찬,간식,닭고기,굽기,[오븐요리] 크리스피치킨~,크리스피치킨,"14,845",60분 이내,초급,2인분,"[('닭가슴살', '400g'), ('콘푸레이크', '100g'), ('계란', '2개'), ('레몬즙', '조금'), ('허브솔트', '조금')]","요즘 치킨한마리가격(?) 얼마인지 아세요 일년에 한번씩은 치킨값이 상승하는것 같은데..이젠 집에서 치킨한마리 시켜먹는것도 사실 조금 부담스러운 가격이 된것 같아요.. 울동네..두마리치킨이라 오는건..두마리 합쳐서 다른곳 한마리 양밖에 되지 않고.. 대부분 17,000-18,000원 사이인데.. 아이들은 워냑에 치킨을 좋아하는 편이라.. 그냥 엄마가 만들어주는수밖에 없죠.. 그보다..울둘째..사진으로 가끔 보이는 귀여운 녀석..살짝 비만 기질이 보이구요.. 울큰아이는 아주 말라서..한명은 체중미달...한명은 과체중... 왜 이리도 공평하지 않은것인지.. 큰아이 학교에서 학원으로 해서 집에 오는 시간이.. 저녁먹고 학원을 가니 10시쯤 되는데요..그시간이면 아이들 움직이다보면 출출해지고..늦은시간 간식은 절대 안된다고 하는 엄마와는 달리..아빠에게 달려가 애교 한방으로 치킨을 사수하는 녀석들인지라..어쩔수 없이 밤이면 밤마다.. 뭐든 먹고 자다보니..이젠 버릇이 되어 버렸답니다. 체중미달인 큰아이 먹이자고 간식 먹다가는 울둘째.. 큰일 날것 같고.. 그래서 요즘 간식을 영양면에서도 문제가 없고..먹으면 든든하기도 하고.. 지방이라 칼로리는 최대한 줄이려고 노력한답니다.. 그런 울가족들 늦은밤..치킨 배달은 완전 적이 될수 밖에 없겠죠.. 그래서 울집 냉동실에 항상 준비 되어 있는건 다름아닌..닭가슴살이랍니다~ 크리스피치킨","[{'step_number': 1, 'description': '닭가슴살은 손질해서 흐르는 물에 헹궈내주고... 비릿맛을 없애기 위해..우유에 30분 정도 재워둡니다.. 우유가 없을땐..쌀뜨물도 괜찮구요~', 'image_url': None}, {'step_number': 2, 'description': '콘푸레이크는 손으로 움켜쥐어서 조금 부셔주세요', 'image_url': None}, {'step_number': 3, 'description': '손질해서 먹기좋은 크기로 잘라주고 레몬즙을 살짝 부려서 재워주고 소금,후추로 밑간을 해주세요(전 허브솔트로 했어요)', 'image_url': None}, {'step_number': 4, 'description': '밑간을 해둔 닭가슴살을 튀김가루를 묻혀...계란옷을 입혀줍니다.', 'image_url': None}, {'step_number': 5, 'description': '계란옷을 입힌 콘푸레이크 잘 묻혀주세요..그래서 오븐에 구우면\n더 바싹하고 맛있게 된답니다.', 'image_url': None}, {'step_number': 6, 'description': '오븐에 차곡차곡 오려주시구요..마지막으로 올리브오일스프레이로 조금씩 뿌려주시고..기름솔로 살짝 발라주셔도 된답니다.오븐은 200도로 예열해주시구요오븐', 'image_url': None}, {'step_number': 7, 'description': '오븐 200도에서 20분 구워주었습니다. 오븐출력상태에 따라 조금씩 다르답니다.', 'image_url': None}]"
43209,메인반찬,간식,닭고기,굽기,탄두리치킨,탄두리치킨,"14,060",2시간 이상,중급,3인분,"[('토막낸 닭', '1kg'), ('우유', ''), ('레드와인', '3-4큰술'), ('카레가루', '6큰술'), ('플레인요구르트', '2통'), ('고춧가루', '1큰술'), ('소금', '2작은술'), ('생강가루', '1/2큰술'), ('마늘', '8조각'), ('레몬즙', '2큰술'), ('후춧가루', '1/4큰술')]","아이들 간식, 어른들 술안주로도 만점인 탄두리치킨입니다.","[{'step_number': 1, 'description': '토막낸 닭은 볼에 담고 우유를 붓고 30여분정도 담궈주었다가 깨끗이 씻어주세요.', 'image_url': 'https://recipe1.ezmember.co.kr/cache/recipe/2015/08/12/6f6a25c675295b32b4ef1145820507d91.jpg'}, {'step_number': 2, 'description': '카레가루 6큰술, 플레인요쿠르트 2통, 고춧가루 1큰술, 소금 2작은술, 생강가루 1/2큰술, 마늘 8조각, 레몬즙 2큰술, 후춧가루 1/4큰술을 믹서기에 곱게 갈아줍니다.', 'image_url': 'https://recipe1.ezmember.co.kr/cache/recipe/2015/08/12/fafa31ff5397347cf76e36355639d7cb1.jpg'}, {'step_number': 3, 'description': '손질된 닭은 살집이 많은 부분은 칼집을 좀 내준뒤 믹서에 곱게 갈아둔 소스를 넣고 잘 버무려주세요.', 'image_url': 'https://recipe1.ezmember.co.kr/cache/recipe/2015/08/12/f1e7a2dbeaf40fa48637a7f0754fc1201.jpg'}, {'step_number': 4, 'description': '요렇게 밀폐용기에 담아 최소 2-3시간정도 재워두세요.', 'image_url': 'https://recipe1.ezmember.co.kr/cache/recipe/2015/08/12/ce3a9518b21e28b3a7fa3537a587061e1.jpg'}, {'step_number': 5, 'description': '오븐팬에 호일 ---> 키친타올 ---> 물 적당량 붓기 ---> 석쇠를 올리고 양념이 잘 베어 든 닭을 올려주세요. 210도 예열된 오븐에서 40여분정도 구워주세요. 중간에 닭을 뒤집어주시구요.오븐', 'image_url': 'https://recipe1.ezmember.co.kr/cache/recipe/2015/08/12/799b84d73d2a6cfb07b38deea154de2a1.jpg'}]"
43210,메인반찬,간식,닭고기,굽기,닭봉양념치킨,닭봉치킨,"8,799",60분 이내,초급,4인분,"[('닭봉                                                                                520g', '1팩'), ('양파', '1/2개'), ('빨강 파프리카', '20g'), ('파랑 파프리카', '20g'), ('노랑 파프리카', '20g'), ('밀가루', '2큰술'), ('다진 호두', '5g'), ('파슬리가루', '약간'), ('생강즙', '1작은술'), ('맛술', '2큰술'), ('소금', '0.5작은술'), ('후춧가루', '약간'), ('식용유', '1큰술'), ('다진 마늘', '0.5큰술'), ('고추장', '1큰술'), ('토마토케찹', '2큰술'), ('올리고당', '1큰술'), ('꿀', '1큰술'), ('진간장', '1큰술'), ('깨소금', '1큰술'), ('후춧가루', '약간'), ('식초', '1큰술')]",닭봉을 밑간해서 오븐에 바삭하게 구운 다음~ 다진 채소와 매콤 달콤 새콤한 양념장에 버무렸더니~ 양념닭봉치킨이 완성되었답니다. 튀기는 과정이 없어 만들기도 간단하고 한 개씩 들고 먹기에도 편하더라구요. 집에서 직접 만들면 저렴하고 건강하게 먹을 수 있어서 좋아요.,"[{'step_number': 1, 'description': '닭봉은 밑간양념으로 밑간해서 냉장고에 30분간 재워둡니다.', 'image_url': 'https://recipe1.ezmember.co.kr/cache/recipe/2015/09/09/235bf345bc65e508c16e3930bd1d28951.jpg'}, {'step_number': 2, 'description': '밑간이 된 닭봉에 밀가루 2큰술을 넣고 조물조물 해줍니다. 이렇게 하면 밑간양념의 수분기도 없애주지만 오븐에 구웠을 때 더 바삭바삭하게 잘 익더라구요.', 'image_url': 'https://recipe1.ezmember.co.kr/cache/recipe/2015/09/09/04304fbb54be13111e3c3e91ed6ef1ee1.jpg'}, {'step_number': 3, 'description': '오븐팬에 올려 190도에서 20분간 구워냅니다.오븐', 'image_url': 'https://recipe1.ezmember.co.kr/cache/recipe/2015/09/09/50b3d51f9a375ccc03eee02b8d5983c51.jpg'}, {'step_number': 4, 'description': '푸드푸로세서에 양파, 색색의 파프리카를 넣고~ 잘게 갈아주세요.', 'image_url': 'https://recipe1.ezmember.co.kr/cache/recipe/2015/09/09/a6afd1ce2d7895e53e0bb628c85345df1.jpg'}, {'step_number': 5, 'description': '너무 죽이 되도록 오래 갈기 보다는 갈아지는 상태를 보아가며 적당히 갈아주는게 좋습니다.', 'image_url': 'https://recipe1.ezmember.co.kr/cache/recipe/2015/09/09/c11e09a17f87b48503d254235f5d28d31.jpg'}, {'step_number': 6, 'description': '팬에 식용유를 두르고 다진 마늘을 먼저 볶아요. 불의 세기는 약한 상태에서 볶아야 마늘이 타지 않겠지요?', 'image_url': 'https://recipe1.ezmember.co.kr/cache/recipe/2015/09/09/be52783f7ad335fd27b65380a32ba8d01.jpg'}, {'step_number': 7, 'description': '푸드푸로세서에서 간 야채와 양념장을 넣고 바글바글 끓여줍니다. 수분기를 살짝 날려 끈적한 상태가 되도록 잠시만 끓여주면 됩니다.', 'image_url': 'https://recipe1.ezmember.co.kr/cache/recipe/2015/09/09/f677cd778d8296e6faef836b840ffa4e1.jpg'}, {'step_number': 8, 'description': '여기에 오븐에서 바삭하게 구운 닭봉을 넣고 재빨리 섞어줍니다.', 'image_url': 'https://recipe1.ezmember.co.kr/cache/recipe/2015/09/09/a555a4be34ac47a3daf28c0af04f66b81.jpg'}, {'step_number': 9, 'description': '양념장이 골고루 다 묻었으면 불을 꺼주세요.', 'image_url': 'https://recipe1.ezmember.co.kr/cache/recipe/2015/09/09/40637f17134741e304a5ace9ed96ca931.jpg'}]"
43211,메인반찬,간식,닭고기,굽기,오븐 구이 양념 치킨~,None,"9,185",None,None,None,[],,[]
43212,메인반찬,간식,닭고기,굽기,후라이팬으로 쉽게 만드는 바싹한 양념치킨,양념치킨,"21,381",60분 이내,초급,4인분,"[('중닭', '1마리'), ('소금', '1티스푼'), ('후추', '약간'), ('마늘', '1큰술'), ('전분', '5큰술'), ('카레가루', '1/2큰술'), ('기름', '7큰술'), ('다진마늘', '1/2큰술'), ('고추장', '2.5큰술'), ('케찹', '1.5큰술'), ('올리고당                                                                                혹은 물엿', '5큰술')]",치킨은 집에서 튀길려면 쓰고난후 남은 기름의 압박때문에 자주 만들어주기가 꺼려졌었는데 스텐후라이팬을 이용하니 기름도 별로 들지 않고 빨리 만들 수 있어서 이젠 집에서도 자주 간식메뉴로 치킨을 즐겨 해 먹는답니다.,"[{'step_number': 1, 'description': '깨끗이 씻은 닭은 소금, 후추, 마늘가루로\n20~30분정도 미리 양념해둡니다.\n그리고 비닐봉지에 닭고기와 전분, 카레 가루를 넣고 \n공기를 빵빵하게 채운채로\n비닐안의 재료가 잘 섞이게 흔들어 줍니다.', 'image_url': 'https://recipe1.ezmember.co.kr/cache/recipe/2016/06/29/37e7ba6a61f59ba417b2df05e6075d14.jpg'}, {'step_number': 2, 'description': '예열이 된 스텐 후라이팬에 기름을 7큰술(밥숟가락) 넣었어요.\n(스텐후라이팬을 중불 정도에 2~3분 올려둔후, 손끝에 물을 묻혀 \n물방울을 굴려보면 또르르르~구슬이 되어 미끄러지는 상태로 예열)\n불을 약불로 낮추고 ,\n잠깐... 기름과 스텐후라이팬이 친해질 시간을 준다음(30~40초정도)\n닭조각을 모두 넣고 뚜껑을 덮습니다.\n(전 스팀홀 구멍에 젓가락을 꽂아버렸어요..^^;;\n속까지 푹~ 잘 익으라구요.)\n이렇게 12~13분 지난후 뚜껑 열고 뒤집어 주세요.\n(바삭하게 노릇노릇 튀겨져 있죠??^^)', 'image_url': None}, {'step_number': 3, 'description': '다시 뚜껑 덮고 나머지 뒷면을 5분정도 더, 그리고 뚜껑열고 수분을 날려주며 바싹하게 10분!! 이렇게 벌써 다 튀겨졌답니다.^^', 'image_url': 'https://recipe1.ezmember.co.kr/cache/recipe/2016/06/29/ef58996b4da51f3eabc39a96f23527ee.jpg'}, {'step_number': 4, 'description': '기름은 다른 그릇에 따라낸후, \n키친타올로 한번 닦아주시고\n다시 약불에서 다진 마늘부터 볶다가 \n,케찹과고추장, 올리고당(혹은 물엿)을 넣어 줍니다.', 'image_url': None}, {'step_number': 5, 'description': '양념이 고루 섞이면 약약불에서 튀겨낸 치킨을 넣고 버무려 주면 끝~ \n매콤 달콤~~ 바싹하답니다^^', 'image_url': None}]"
43213,메인반찬,간식,닭고기,굽기,"옛날 통닭구이, 겉바삭 치킨, 오븐 에어프라이어",통닭구이,"22,057",60분 이내,초급,2인분,"[('닭', '1마리'), ('올리브오일', '2큰술'), ('버터', '1큰술'), ('다진마늘', '1큰술'), ('후추가루', ''), ('물', ''), ('소금', '2큰술'), ('맛술', '4큰술'), ('양파', ''), ('파', ''), ('통후추', '')]",겉은 파삭! 속은 촉촉~한 옛날식 통닭구이,"[{'step_number': 1, 'description': '먼저 염지를 할건데요,\n집에서 하는 염지이니\n안심하고 깨끗하게 \n할 수 있어요.\n닭이 잠길만큼의 물에\n소금과 맛술을 넣고 저어\n소금을 대충 녹여줍니다.', 'image_url': 'https://recipe1.ezmember.co.kr/cache/recipe/2019/04/10/052c1bddcee87ac46a972b9f21d4a5b81.jpg'}, {'step_number': 2, 'description': '잘 씻은 닭과 파, 양파를 사진처럼 넣고, 통후추가 있어 넣었는데 없으면 그냥 후추가루 톡톡! 약 2시간을 재워야해요. 이 부분이 중요한 포인트!', 'image_url': 'https://recipe1.ezmember.co.kr/cache/recipe/2019/04/10/ff84bf279860ab9c21e227f8c99bb9b71.jpg'}, {'step_number': 3, 'description': '염지 끝난 닭은 씻지않고 그대로 건져 물기를 빼고, 올리브오일+버터+다진마늘+후추가루를 한데 섞은다음 닭에 안과 밖으로 싹싹~ 마사지를 해 주세요.염지 끝났을 때 오븐은 200도 예열', 'image_url': 'https://recipe1.ezmember.co.kr/cache/recipe/2019/04/10/1e46b3639fc338d7e0e9064aab373d511.jpg'}, {'step_number': 4, 'description': '오븐은 200도에서 1시간(바베큐 기능이 없는 오븐은 30분에 한 번 뒤집어줌), 에어프라이어는 180도에서 25분되었을 때 뒤집어 25분을 더 구워주세요.에어프라이어 , 오븐', 'image_url': 'https://recipe1.ezmember.co.kr/cache/recipe/2019/04/10/b9ea96f4151042e6ace029756444f6b71.jpg'}, {'step_number': 5, 'description': '마지막에 칼라 팍! 나오라고 오븐 220도 올려서 5분 구웠는데요, 집마다 오븐이나, 에어프라이어 온도가 다를 수 있으니 꼭 보면서 구워주면 됩니다. 이제 완성!!', 'image_url': 'https://recipe1.ezmember.co.kr/cache/recipe/2019/04/10/f4b5c5b97e5e09c95126b57799a666f91.jpg'}, {'step_number': 6, 'description': '냄새가냄새가~!! 진동진동을 ㅎㅎ 엄청 꼬소~해요.', 'image_url': 'https://recipe1.ezmember.co.kr/cache/recipe/2019/04/10/d465dca823d6f85bd6622ca9406fbaa81.jpg'}, {'step_number': 7, 'description': '1인 1닭이 원칙인거 같네요 ㅎ 쭉쭉 찢어서 맛있게 드세요 :)', 'image_url': 'https://recipe1.ezmember.co.kr/cache/recipe/2019/04/10/e10e20a81b1f5882f84f9ba64191d64b1.jpg'}]"
43214,메인반찬,간식,닭고기,굽기,"간식, 밥 반찬, 술안주로 좋은 매콤 단짠 닭꼬치 만들기",닭꼬치,921,90분 이내,초급,4인분,"[('닭고기', '1kg'), ('대파', '6대'), ('다진생강', '1/2숟가락'), ('소금', '약간'), ('후추', '약간'), ('진간장', '2숟가락'), ('고추장', '4숟가락'), ('고춧가루', '2숟가락'), ('다진마늘', '2숟가락'), ('설탕', '3숟가락'), ('생강즙', '1/2숟가락'), ('물엿', '4숟가락'), ('맛술', '4숟가락')]","아이들 간식이나 술안주, 밥 반찬으로 좋은 단짠 매콤 닭꼬치구이를 만들었어요.","[{'step_number': 1, 'description': '먼저 닭고기를 씻어 물기를 빼주세요.', 'image_url': 'https://recipe1.ezmember.co.kr/cache/recipe/2021/11/30/7af76f4f624917624025b6e954c78e461.jpg'}, {'step_number': 2, 'description': '닭고기 물기가 빠지는 동안 진간장 2, 고추장 4, 고춧가루 2, 다진 마늘 2, 설탕 3, 생강즙 1/2, 물엿 4, 맛술 4숟가락을 함께 섞어 매콤 양념장을 만들어주세요.', 'image_url': 'https://recipe1.ezmember.co.kr/cache/recipe/2021/11/30/022c2ea1e4eb1d491330d546112297e11.jpg'}, {'step_number': 3, 'description': '대파는 4cm 길이로 잘라서 준비해 주고요. 닭 다리살은 먹기 좋은 크기로 잘라줍니다.', 'image_url': 'https://recipe1.ezmember.co.kr/cache/recipe/2021/11/30/92c7445e192984fe8b282b37100c46ad1.jpg'}, {'step_number': 4, 'description': '손질한 닭고기에 소금, 다진생강, 후추를 넣고 밑간을 해주세요.', 'image_url': 'https://recipe1.ezmember.co.kr/cache/recipe/2021/11/30/2c6542050487ee69200eb68c041ea0601.jpg'}, {'step_number': 5, 'description': '꼬치에 닭고기와 대파를 차례로 끼워주세요. \n꼬치용 나무가 없어 나무젓가락을 사용했더니 대파를 끼울 때 대파가 반으로 갈라지더라눈~ㅜㅜ', 'image_url': 'https://recipe1.ezmember.co.kr/cache/recipe/2021/11/30/a37bcca4661b7d7b6c785a0e3ab8f4481.jpg'}, {'step_number': 6, 'description': '오븐 용기에 종이 포일을 깔고 종이 포일 중간중간 칼집을 내준 다음 준비한 닭꼬치를 올려주세요.\n오븐 용기 세척을 쉽게 하기 위해 종이 포일을 깔고 닭꼬치를 올렸는데요 종이 포일 없이 꼬치를 올려줘도 괜찮아요.', 'image_url': 'https://recipe1.ezmember.co.kr/cache/recipe/2021/11/30/78adae33f804a329647ceebce2ecdbfb1.jpg'}, {'step_number': 7, 'description': '180도 예열한 오븐(or 에어프라이어)에 20분간 구운 다음오븐', 'image_url': 'https://recipe1.ezmember.co.kr/cache/recipe/2021/11/30/55c774bbf716398a78a3f89d3a0f95451.jpg'}, {'step_number': 8, 'description': '꼬치를 뒤집어서 20분간 더 구워줍니다.', 'image_url': 'https://recipe1.ezmember.co.kr/cache/recipe/2021/11/30/4924292ffffa17bb87637427c83569da1.jpg'}, {'step_number': 9, 'description': '1차로 구운 닭꼬치에 만들어 놓은 양념장을 골고루 발라주고요', 'image_url': 'https://recipe1.ezmember.co.kr/cache/recipe/2021/11/30/fff5281477ad3bd0c893cf4937e716b11.jpg'}, {'step_number': 10, 'description': '180도 오븐 혹은 에어프라이어에 5분간 추가로 구운 다음', 'image_url': 'https://recipe1.ezmember.co.kr/cache/recipe/2021/11/30/0f3113cfd7940c1b6527f3dfdc9a690d1.jpg'}, {'step_number': 11, 'description': '꼬치 뒷부분에도 양념을 바르고 180도에 5분간 더 구워주면 매콤한 닭꼬치구이 완성이에요. 오븐이나 에어프라이어 출력이 제품 마다 다르므로 굽기 정도를 봐가면서 시간 조절을 해주고요. 팬에 구울 때는 뚜껑을 덮고 익혀지는 상태를 보면서 시간 조절을 해주세요.', 'image_url': 'https://recipe1.ezmember.co.kr/cache/recipe/2021/11/30/6cbee8f18a7ca64f286d3c87edeb78b81.jpg'}]"
43215,메인반찬,간식,닭고기,굽기,에어프라이어 요리 치킨 오븐구이 닭다리 오븐구이,치킨오븐구이,"1,698",90분 이내,중급,6인분 이상,"[('냉동 닭다리', '2kg'), ('허브솔트', ''), ('미림', '')]","간식도 가끔은 배부르게 양껏 먹고 싶지 않나요
그래서!!! #닭다리 2개는 노노노
20개 준비했습니다","[{'step_number': 1, 'description': '냉동닭다리 준비했어요', 'image_url': 'https://recipe1.ezmember.co.kr/cache/recipe/2023/02/14/b81c828ba86d850fc733919d6d85d7721.jpg'}, {'step_number': 2, 'description': '닭다리를 깨끗이 씻어서 소주와 매실주를 넣어 1시간정도 재워두세요이제 또 한번 물에 세척하고 물기제거해요', 'image_url': 'https://recipe1.ezmember.co.kr/cache/recipe/2023/02/14/03e31fcfe79c63f5cc7bea1dbd72d1da1.jpg'}, {'step_number': 3, 'description': '시판용 허브솔트를 솔솔솔 뿌려줍니다\n식용유를 조금 발라주면 겉바속촉 니오겠죠', 'image_url': 'https://recipe1.ezmember.co.kr/cache/recipe/2023/02/14/3836c58c0b6f19a55024636c29ad01131.jpg'}, {'step_number': 4, 'description': '에어프라이어에 넣고\n구워볼게요', 'image_url': 'https://recipe1.ezmember.co.kr/cache/recipe/2023/02/14/eeabc5e7ee5dc8d3acd25c8bab5b204a1.jpg'}, {'step_number': 5, 'description': '에어프라이어 220도 30분 돌리고\n닭다리도 뒤적뒤적해서 또 30분 돌렸어요', 'image_url': 'https://recipe1.ezmember.co.kr/cache/recipe/2023/02/14/febd675015029aa01a1fb93f858892811.jpg'}, {'step_number': 6, 'description': '엄마표 굽네치킨 완성~~', 'image_url': 'https://recipe1.ezmember.co.kr/cache/recipe/2023/02/14/aa4287b1468e0a141d92120da666496a1.jpg'}]"
43216,메인반찬,간식,닭고기,굽기,닭다리살로 닭꼬치 만드는 법,닭꼬치,"2,876",60분 이내,아무나,4인분,"[('닭다리살', '800g'), ('대파', '2대'), ('간장', '5큰술'), ('굴소스', '1큰술'), ('다진마늘', '1큰술'), ('설탕', '2큰술'), ('맛술', '2큰술'), ('후추', '약간'), ('소금', '약간'), ('식용유', '3큰술')]",닭다리살과 파를 사용해 만든 파닭꼬치! 단짠단짠 양념소스가 닭고기에 쏙쏙 배여 아주 맛있답니다! 닭꼬치 비싼돈주고 밖에서 사먹지 말고 집에서 더 맛있게 만들어 먹어요 :),"[{'step_number': 1, 'description': '닭다리살부터 손질, 눈에 보이는 지저분한 지방덩어리를 가위로 잘라주세요', 'image_url': 'https://recipe1.ezmember.co.kr/cache/recipe/2023/09/08/14ba37f82853588bae372577858ab6431.jpg'}, {'step_number': 2, 'description': '약간의 후추와 소금으로 밑간을 해주세요', 'image_url': 'https://recipe1.ezmember.co.kr/cache/recipe/2023/09/08/ec1f840a4a45c46d90914d5a63f2ab101.jpg'}, {'step_number': 3, 'description': '대파 2대를 손가락 길이로 잘라주세요대파는 많이 꽂을수록 맛있습니다', 'image_url': 'https://recipe1.ezmember.co.kr/cache/recipe/2023/09/08/f387f474d5f7913638ad4a13280c6aec1.jpg'}, {'step_number': 4, 'description': '닭고기->대파->닭고기->대파 순으로 대나무 꼬지에 꽂아주세요', 'image_url': 'https://recipe1.ezmember.co.kr/cache/recipe/2023/09/08/43588ade3c1f9efd2bbb94c4e4a205df1.jpg'}, {'step_number': 5, 'description': '간장 5큰술, 굴소스 1큰술, 다진마늘 1큰술, 설탕 2큰술, 맛술 2큰술, 후추 약간 넣어 닭꼬치 소스를 만들어주세요', 'image_url': 'https://recipe1.ezmember.co.kr/cache/recipe/2023/09/08/040096ea5be0293372245c48049fbb7e1.jpg'}, {'step_number': 6, 'description': '고기 앞뒤로 식용유를 쓱쓱 발라 에어프라이어에 돌려주세요, 180도에서 10분이면 충분합니다', 'image_url': 'https://recipe1.ezmember.co.kr/cache/recipe/2023/09/08/28b76b27c5c475684ccc55a0246662cd1.jpg'}, {'step_number': 7, 'description': '10분동안 중간중간 바스켓을 열어 뒤집어가며 양념소스를 발라주세요', 'image_url': 'https://recipe1.ezmember.co.kr/cache/recipe/2023/09/08/3923259e2134cd7ba81ee321d09f96e41.jpg'}, {'step_number': 8, 'description': '노릇노릇 단짠단짠 양념옷 입은 파닭꼬치 완성입니다', 'image_url': 'https://recipe1.ezmember.co.kr/cache/recipe/2023/09/08/ed3565bea3053b83e747a39d7c317dd31.jpg'}]"
43217,메인반찬,간식,닭고기,굽기,팝콘떡치킨,팝콘떡치킨,"4,265",60분 이내,초급,2인분,"[('닭가슴살', ''), ('허브솔트', ''), ('강황가루', ''), ('전분', ''), ('튀김가루', ''), ('식용유', ''), ('떡볶이떡', ''), ('완두콩', ''), ('캔옥수수', ''), ('슬라이스아몬드', ''), ('양념치킨소스', ''), ('요구르트', ''), ('올리고당', '')]",고단백 저칼로리의 닭가슴살과 졸깃한 떡을 가지고 아이들이 좋아하는 양념치킨소스와 식이섬유가 풍부한 올리고당을 넣어서 맛있는 영양간식인 팝콘떡치킨을 만들어 봅니다.,"[{'step_number': 1, 'description': '닭가슴살은 한입 크기로 썰어 줍니다. 여기에 허브솔트와 강황가루를 넣어서 고루 버무립니다. 전분과 튀김가루를 반반정도 섞어서 닭가슴살에 고루 묻혀 줍니다.', 'image_url': 'https://recipe1.ezmember.co.kr/cache/recipe/2015/08/19/501cd4f50dc19b8b0add4dc316de1ee61.jpg'}, {'step_number': 2, 'description': '떡볶이 떡을 준비합니다. 오븐팬에 종이호일을 깔고 식용유를 바른후 떡볶이떡과 닭가슴살을 올립니다. 다시 식용유를 고루 발라 줍니다. 오일스프레이를 사용하면 간편하겠죠? 200도의 오븐에서 약 15~20분간 구워줍니다. 떡볶이떡이 말랑하면 굽지 않고 그냥 사용해도 좋아요.오븐', 'image_url': 'https://recipe1.ezmember.co.kr/cache/recipe/2015/08/19/ec83f5883383bc7457914131a65306a51.jpg'}, {'step_number': 3, 'description': '팬에 양념치킨소스를 한국자 넣어 줍니다. 여기에 올리고당과 일반요구르트 한통을 부어 줍니다. 요구르트 대신에 과일주스를 넣어도 좋아요. 잘 섞어 줍니다.', 'image_url': 'https://recipe1.ezmember.co.kr/cache/recipe/2015/08/19/3511f5ede06d265805757f5d8f97a76e1.jpg'}, {'step_number': 4, 'description': '완두콩과 캔옥수수를 준비했어요. 없으면 안 넣어도 좋아요. 소스에 완두콩과 캔옥수수를 넣어서 약한불에서 조려줍니다.', 'image_url': 'https://recipe1.ezmember.co.kr/cache/recipe/2015/08/19/1d09f192544929c07a08f6418125a54b1.jpg'}, {'step_number': 5, 'description': '조려진 소스는 불을 끄고 한김 식힙니다. 다 구워진 닭가슴살과 떡을 소스에 넣고 고루 버무리듯 묻혀서 접시에 담아 줍니다. 슬라이스 아몬드를 뿌려줍니다. 땅콩이나 호두 같은 견과류는 다 좋아요, 물론 없다면 안 넣어도 되구요.', 'image_url': 'https://recipe1.ezmember.co.kr/cache/recipe/2015/08/19/ee747905b3ae2caef3e0ebb967d56ca31.jpg'}]"
43218,메인반찬,간식,닭고기,굽기,닭날개구이 간단하지만 쫀득하게 맛있는 간식 만들기!,닭날개구이,"2,614",30분 이내,초급,3인분,"[('닭날개(윙)', '500g'), ('천일염(가는소금)', ''), ('후춧가루', '')]","우연히 알게된 닭날개구이!
레시피는 간단한데 시켜먹는 치킨보다 더 맛있더라구요.
껍질을 잘 먹지 않은데 쫀득한 식감에 먹게되는!
아이들도 맛있다며 너무나 좋아하는 간식-
야식으로도 최고인 닭날개구이 레시피 소개합니다 :-)","[{'step_number': 1, 'description': '닭날개는 흐르는 물에 세척하며 붙어있는 불순물을 제거해주세요.흐르는 물에 한번 헹궈주세요.', 'image_url': 'https://recipe1.ezmember.co.kr/cache/recipe/2017/09/14/4a271c36ab60aead6b85cf0e46aaf89b1.jpg'}, {'step_number': 2, 'description': '쟁반에 키친타올을 깔아두고 닭날개를 가지런히 올려 그 위에 다시 키친타올을 올려 물기를 제거해주세요.손으로 한번 눌러주시면 되세요.', 'image_url': 'https://recipe1.ezmember.co.kr/cache/recipe/2017/09/14/b4fd76c2e66ad1f28417162fb5c04f8a1.jpg'}, {'step_number': 3, 'description': '물기를 제거한 닭날개 위에 소금 먼저 톡톡-\n전체적으로 얇게 뿌려주세요.천일염을 사용하시면 많이 짜지않아 좋아요.', 'image_url': 'https://recipe1.ezmember.co.kr/cache/recipe/2017/09/14/1199669d5117788c23440a65562244b51.jpg'}, {'step_number': 4, 'description': '그 다음 후추를 톡톡-너무 강한 맛이 싫다면 얇게 뿌려주시는게 좋아요. (생략하셔도 괜찮아요.)', 'image_url': 'https://recipe1.ezmember.co.kr/cache/recipe/2017/09/14/952467b71662daebdb94ef9725f2f5d91.jpg'}, {'step_number': 5, 'description': '앞뒤로 소금, 후추로 간을 해준 후 종이호일위에 올려주세요.', 'image_url': 'https://recipe1.ezmember.co.kr/cache/recipe/2017/09/14/13db73c6a9ef5eaac26defcd7146ddd51.jpg'}, {'step_number': 6, 'description': '오븐에 넣어 180도에 15분 돌려주세요. 꼭! 앞,뒤로 15분 돌려주셔야 골고루 익어요.오븐오븐이 없다면 후라이팬에 약불로 구워주시면 되세요!\n단, 기름을 조금넣고 타지않게 뒤집어주는게 좋아요.\n맛은 오븐과 많이 다르지 않아요!', 'image_url': 'https://recipe1.ezmember.co.kr/cache/recipe/2017/09/14/7da977c9bb339056bb27a8c673e848d41.jpg'}, {'step_number': 7, 'description': '오븐 예열을 하지 않았다면 5분 정도 더 돌려주셔도 좋아요.', 'image_url': 'https://recipe1.ezmember.co.kr/cache/recipe/2017/09/14/14bb64afd1868576a01c7dab415a766a1.jpg'}, {'step_number': 8, 'description': '치킨보다 더 맛있는 닭날개구이 완성! 간식으로 딱!', 'image_url': 'https://recipe1.ezmember.co.kr/cache/recipe/2017/09/14/aba93d9cd51db696951df834ad42444b1.jpg'}]"
43219,메인반찬,간식,닭고기,굽기,"금요일 저녁, 집에서 만드는 노릇노릇한 생강 치킨 오븐구이!",생강치킨오븐구이,"4,528",60분 이내,중급,3인분,"[('닭', '1마리'), ('감자', '2개'), ('당근', '1/2개'), ('레몬', '1개'), ('라임', '1개'), ('강황 파우더', '2큰술'), ('생강 파우더', '1작은술'), ('다진 솔잎', '1큰술'), ('솔잎', '2개'), ('화이트 와인', '1/2컵'), ('코셔소금', '약간'), ('후추', '약간'), ('올리브 오일', '약간')]","항상 튀겨서 먹던 치킨말고 색다른 치킨요리를 드시고 싶다구요?
그럼 기름기가 쫙~! 빠진 생강 치킨 오븐구이 어떠세요?

솔잎을 허브 대신 넣어서 솔잎향 가득한, 치킨 구이! 
한번 만들어 보세요~^^","[{'step_number': 1, 'description': '볼에 강황 파우더, 생강 파우더, 다진 솔잎, 화이트 와인, 코셔 소금, 후추, 올리브 오일을 섞어준다.', 'image_url': 'https://recipe1.ezmember.co.kr/cache/recipe/2016/07/15/65ba77307c5a6b572fe6210230e5912c1.jpg'}, {'step_number': 2, 'description': '닭은 껍질의 털과 기름기를 제거한 뒤 1의 양념을 발라 1시간 동안 마리네이드 해준다.', 'image_url': 'https://recipe1.ezmember.co.kr/cache/recipe/2016/07/15/45eabdaad29c95b666dfac36075eaecb1.jpg'}, {'step_number': 3, 'description': '감자와 당근은 밤톨 크기로 썰어주고 레몬과 라임은 슬라이스 해준다.', 'image_url': 'https://recipe1.ezmember.co.kr/cache/recipe/2016/07/15/68a6000a7dfa7c4611177da1a967a4621.jpg'}, {'step_number': 4, 'description': '오븐팬에 2의 닭, 3의 야채, 솔잎을 넣고 호일을 덮은 뒤 180도로 예열한 오븐에서 1시간 동안 구워준다.오븐', 'image_url': 'https://recipe1.ezmember.co.kr/cache/recipe/2016/07/15/f5c7c02a74f4212478351d96a66c18ad1.jpg'}, {'step_number': 5, 'description': '구워진 생강 치킨 오븐구이는 그릇에 담아 완성해준다.', 'image_url': 'https://recipe1.ezmember.co.kr/cache/recipe/2016/07/15/44e53d40e184faf5d95d9cebf6f9a6161.jpg'}]"
43220,메인반찬,간식,닭고기,굽기,바삭한 치즈 칩♡ 치킨 너겟 레시피,치킨너겟,"3,663",15분 이내,아무나,2인분,"[('닭 허벅지 살', '230g'), ('소금', ''), ('후추', ''), ('녹말', '1Ts'), ('피자 치즈', '100g')]",마요네즈+겨자 소스에 찍어 먹으면 환상 ..♥,"[{'step_number': 1, 'description': '닭고기를 한입 크기로 썰어 살짝 소금 후추 간을 하고 녹말가루를 묻힌다.', 'image_url': 'https://recipe1.ezmember.co.kr/cache/recipe/2017/07/21/fa0af8993484d54829ac6c5e83dd30ac1.png'}, {'step_number': 2, 'description': '프라이팬 전체에 치즈를 골고루 깔고 그 위에 닭고기를 겹치지 않게 늘어놓는다.', 'image_url': 'https://recipe1.ezmember.co.kr/cache/recipe/2017/07/21/15454966c9abd63be1209e2074af0bc21.png'}, {'step_number': 3, 'description': '중불에 5분 정도 구워 치즈가 녹아 끝부분의 치즈가 바삭해지면 뒤집는다.', 'image_url': 'https://recipe1.ezmember.co.kr/cache/recipe/2017/07/21/8f4d78aa37ec13190f2edb525fdeac961.png'}, {'step_number': 4, 'description': '반대면을 약불 ~ 중불에서 5분 정도 구우면서, 뒤집개로 닭고기를 조각조각으로 나눈다.', 'image_url': 'https://recipe1.ezmember.co.kr/cache/recipe/2017/07/21/7734ca3280aed2a6a7527d828f8df6a91.png'}, {'step_number': 5, 'description': '취향에 파슬리와 검은 후추를 뿌리거나 마요네즈와 겨자를 버무린 소스를 곁들이면 완성입니다 ♪', 'image_url': 'https://recipe1.ezmember.co.kr/cache/recipe/2017/07/21/d3f6d854a299e8f903e1c131b136e1041.png'}]"
43221,메인반찬,간식,닭고기,굽기,자두소스닭오븐구이,닭오븐구이,"1,504",60분 이내,중급,2인분,"[('닭고기', '900g'), ('씨뺀자두', '3개'), ('우유', '500ml'), ('월계수잎', '2장'), ('통후추', '10알'), ('설탕', '1.5큰술'), ('소금', '1/3큰술'), ('후추', '약간'), ('슬라이스아몬드', '적당히'), ('자두간거', '적당량'), ('고추장', '2큰술'), ('간장', '3큰술'), ('케찹', '3큰술'), ('굴소스', '2큰술'), ('다진마늘', '1.5큰술'), ('맛술', '2큰술'), ('올리고당', '2큰술')]",평소 치킨을 좋아하는 가족을 위한 요리,"[{'step_number': 1, 'description': '자두3개는 갈아서 준비해주세요', 'image_url': 'https://recipe1.ezmember.co.kr/cache/recipe/2017/08/06/356fd9ae4d67b6c8a17367e9bd8115401.jpg'}, {'step_number': 2, 'description': '닭은깨끗이 씻어 우유와 월계수 설탕 통후추를 넣어 한시간정도 담궈두세요 (비린내제거)', 'image_url': 'https://recipe1.ezmember.co.kr/cache/recipe/2017/08/06/b399baa24a5c074f670bfc723765e8301.jpg'}, {'step_number': 3, 'description': '갈아둔자두와 준비된양념들을 잘 섞어주세요', 'image_url': 'https://recipe1.ezmember.co.kr/cache/recipe/2017/08/06/4248b0b9556e04f1b079f4e0d820a6fd1.jpg'}, {'step_number': 4, 'description': '한시간정도 담궈둔 닭은 물기제거를 해주세요', 'image_url': 'https://recipe1.ezmember.co.kr/cache/recipe/2017/08/06/91b9305ae6ff041b1002d75e6dc9d46b1.jpg'}, {'step_number': 5, 'description': '준비된닭을 칼집을 내어 소금 후추 뿌려 230도 예열된 오븐에 앞뒤로 20분씩 구워주세요오븐', 'image_url': 'https://recipe1.ezmember.co.kr/cache/recipe/2017/08/06/01463a9e7735bf43ed88e88e79a6b8621.jpg'}, {'step_number': 6, 'description': '준비된 양념을 냄비에 넣고 구워진 닭을 넣고 잘 졸여주세요', 'image_url': 'https://recipe1.ezmember.co.kr/cache/recipe/2017/08/06/813cb967f2fdd8227d5d657e863d5ec61.jpg'}, {'step_number': 7, 'description': '잘 졸여진 닭구이를 접시에 담고 슬라이스아몬드를 뿌려주세요', 'image_url': 'https://recipe1.ezmember.co.kr/cache/recipe/2017/08/06/154f414dbbfe7b912d733c96f50024f71.jpg'}]"
43222,메인반찬,간식,닭고기,굽기,간단 홈메이드 치킨/매운 닭날개구이,닭날개구이,"9,841",30분 이내,초급,2인분,"[('닭날개', '1팩'), ('소주', '1/2컵'), ('고추장', '2스푼'), ('다진대파', '1개'), ('굴소스', '1스푼'), ('카레가루', '1스푼'), ('고춧가루', '1스푼'), ('올리고당', '1.5스푼'), ('맛술', '1스푼'), ('다진마늘', '1스푼'), ('다진생강', '1티스푼'), ('깨', '약간'), ('후추', '약간')]","간단간식으로 만들어 먹을수 있는 닭날개구이인데 
매콤한양념 발라 중독성 있는 맛으로 만들어 봤어요ㅎㅎ
간식,안주,반찬 모두 좋답니다","[{'step_number': 1, 'description': '재료를 준비해 주세요~', 'image_url': 'https://recipe1.ezmember.co.kr/cache/recipe/2016/11/17/83a7b3f99f6d3482225298c3583f1fef1.jpg'}, {'step_number': 2, 'description': '닭날개 깨끗이 씻은 후 냄비에 물 붓고 끓으면\n닭날개 넣고 소주 반컵 넣고 다진 생강 0.5스푼 넣고 10분 삶아 주세요~소주 대신 맥주 넣어도 좋아요~', 'image_url': 'https://recipe1.ezmember.co.kr/cache/recipe/2016/11/17/f374988591d8d0739034818a52da3aaf1.jpg'}, {'step_number': 3, 'description': '삶아 낸 닭날개에 소금 1티스푼과 후추 약간만 뿌려 두세요~칼집 내 주면 양념이 잘 배여 좋아요~', 'image_url': 'https://recipe1.ezmember.co.kr/cache/recipe/2016/11/17/e87416e21c21ec21942beb1501c995001.jpg'}, {'step_number': 4, 'description': '적힌 분량의 양념을 넣고 골고루 저어 양념장을 만들어 주세요~아주 맵게 먹고 싶으면 다진 청양고추 넣어도 좋아요~', 'image_url': 'https://recipe1.ezmember.co.kr/cache/recipe/2016/11/17/2348cd782d458c95ec06e94f3aef2d491.jpg'}, {'step_number': 5, 'description': '양념장을 넣어 주세요~', 'image_url': 'https://recipe1.ezmember.co.kr/cache/recipe/2016/11/17/bfa57dc6c99210937da1685da5952ca81.jpg'}, {'step_number': 6, 'description': '양념을 잘 배이도록 버무려 20여분 냉장실에 넣어 두세요~숙성시켜 주면 더 맛있어요~', 'image_url': 'https://recipe1.ezmember.co.kr/cache/recipe/2016/11/17/989afefdc6ef8756e51bd2f8c8f310721.jpg'}, {'step_number': 7, 'description': '생선그릴에 호일 깔고 15분여 정도 구워주면 닭날개구이가 완성되요~오븐이나 프라이팬에 구워도 좋아요~', 'image_url': 'https://recipe1.ezmember.co.kr/cache/recipe/2016/11/17/0afe9d6ef13a71a01a7f48c527adc69e1.jpg'}]"
43223,메인반찬,간식,닭고기,굽기,닭견과류전 만들기,닭견과류전,"1,358",15분 이내,중급,2인분,"[('닭가슴살', '1쪽'), ('밀가루', '1/4컵'), ('올리브오일', '약간'), ('견과류                                                                                땅콩·아몬드 등', '약간'), ('계란', '1개'), ('파슬리', '1T'), ('파마산치즈가루', '약간'), ('마요네즈', '1/2컵'), ('레몬', '3T'), ('씨겨자', '1T'), ('꿀', '2T')]","닭고기로 다양한 요리를 만들수 있는데, 아마 닭살과 견과류의 만남은 처음 들어보셨을 거에요!

마체프로가 자신있게 추천하는 '닭견과류전' 레시피~

아이들 입맛도 살리고, 건강에도 좋은 닭견과류전 만들기를 소개해드릴께요","[{'step_number': 1, 'description': '닭가슴살은 0.3cm 정도의 얇은 두께로 썰어 준비하시구요\n소금과 후추로 밑간을 한 후, 밀가루를 묻혀둡니다\n계란은 푼 다음 파마산치즈가루와 파슬리를 섞어 준비해 주세요', 'image_url': 'https://recipe1.ezmember.co.kr/cache/recipe/2016/01/13/93e338a795d807fb79dd23e1d63258991.jpg'}, {'step_number': 2, 'description': '준비한 닭가슴살을 파슬리를 넣어 푼 계란물을 입힌 다음, 갈아 놓은 견과류의 옷을 입히는데요\n견과류 옷을 입힐때 견과류가 너무 많은 것이 부담스러우시다면\n견과류와 빵가루를 섞어서 사용하셔도 좋답니다', 'image_url': 'https://recipe1.ezmember.co.kr/cache/recipe/2016/01/13/76dcf7161756ee95e1378cd056f7c7311.jpg'}, {'step_number': 3, 'description': '치킨까스를 만드는 것과 비슷하지만\n빵가루대신 견과류를 사용하기 때문에 고소한 맛이 아주 훌륭한 닭견과류전이 되지요\n닭고기와 오도독~하며 씹히는 견과류의 맛이 아주 일품이랍니다', 'image_url': 'https://recipe1.ezmember.co.kr/cache/recipe/2016/01/13/7deed16c926e4da4167c71e218efb73f1.jpg'}, {'step_number': 4, 'description': '견과류를 묻힐 때 꼭꼭! 눌러줘야 전을 부칠때 견과류가 떨어지지 않고 잘 붙어 있는답니다', 'image_url': 'https://recipe1.ezmember.co.kr/cache/recipe/2016/01/13/dda05b01eca527accb51a878e4eca53d1.jpg'}, {'step_number': 5, 'description': '마체프 28cm 전골냄비를 예열해서 준비하시는데요\n마체프 전기렌지를 9로 해서 강한불에 예열을 한 후 물방울을 떨어뜨렸을 때 떼구르르~ 구를때\n올리브오일을 두르고 마체프 전기렌지 온도도 4-5도 정도 중불로 내립니다\n스테인레스 냄비에 예열이 충분히 되었다면\n오일을 두르고 이리저리 기울이면 물결무늬가 나타나는 것이 보인답니다\n이걸로 예열 상태를 확인하셔도 되요!', 'image_url': 'https://recipe1.ezmember.co.kr/cache/recipe/2016/01/13/1550bd7f00004e86e4544eba61945a471.jpg'}, {'step_number': 6, 'description': '견과류가 떨어지지 않게 조심조심 마체프 전골냄비에 닭고기를 올려주세요', 'image_url': 'https://recipe1.ezmember.co.kr/cache/recipe/2016/01/13/b101980aea42bd8d0c7308b0ddeb4b991.jpg'}, {'step_number': 7, 'description': '닭고기 속까지 골고루 익도록 중불에서 고르게 익혀주세요', 'image_url': 'https://recipe1.ezmember.co.kr/cache/recipe/2016/01/13/8880da334242aa67b8f14099bd1685691.jpg'}, {'step_number': 8, 'description': '더 잘 익게 하기 위해서 전골냄비의 뚜껑을 닫아 주셔도 좋아요\n마체프 냄비에는 개폐기가 있어서 A로 열어두면 수증기를 빼는 일반 요리를,\nZ로 닫으면 반압상태에서 오븐 요리를 할 수도 있답니다', 'image_url': 'https://recipe1.ezmember.co.kr/cache/recipe/2016/01/13/779716ee8230a60a1f789d1fa2ca57711.jpg'}, {'step_number': 9, 'description': '견과류가 노릇노릇 익을때 까지 중불에서 익혀 주시면\n고소한 닭견과류전에 완성된답니다', 'image_url': 'https://recipe1.ezmember.co.kr/cache/recipe/2016/01/13/d89c6873a8f2bd83399ff902aa13034c1.jpg'}, {'step_number': 10, 'description': '닭견과류전만으로도 고소하지만 허니머스타드 소스에 찍어먹으면 더욱 맛나지요 ^^\n허니머타드 소스는 위에 소개해드린 재료를 분량대로 섞어 주시면 되요\n함께 바나나 넛츠 밀크로 아이들 영양도 더욱 챙겨주세요~\n호두와 아몬드를 물에 살짝 씻어 건진 후 물에 담아 냉장고에 넣어두고요\n견과류에 물기를 제거한 뒤 우유를 조금 부어 믹서기에 갈고\n바나나와 아가페시접을 넣고 좀 더 갈아주면 된답니다', 'image_url': 'https://recipe1.ezmember.co.kr/cache/recipe/2016/01/13/8426aefc9294a6a8ea9fede76fcaca831.jpg'}]"
43224,메인반찬,간식,닭고기,굽기,새우젓 소스를 곁들인 닭다리 구이,닭다리구이,"1,397",30분 이내,중급,2인분,"[('닭다리', '6개'), ('청양고추', '2개'), ('다진마늘', '1스푼'), ('대파 흰부분', '1개'), ('새우젓', '2T'), ('미림', '0.5T'), ('다진마늘', '1T'), ('설탕', '2T'), ('참기름', '1T')]",캠핑시 또는 간식으로 간단하게 만들수 있는 좋은 요리인거 같아 올려 봅니다~~,"[{'step_number': 1, 'description': '닭다리는 씻어 물기를 제거 후 양면으로 칼집을 깊숙히 넣어 주세요.', 'image_url': 'https://recipe1.ezmember.co.kr/cache/recipe/2017/05/26/fd351fea73690e3aabb8fe8c0e9ca4f21.jpg'}, {'step_number': 2, 'description': '청양고추 2개, 마늘 3알 다져주시고, 새우젓 한수저에 참기름1, 설탕1을\n혼합하여 소스를 만들어 주세요~~', 'image_url': 'https://recipe1.ezmember.co.kr/cache/recipe/2017/05/26/fe054ee2a242d277c6b7814674eda7a71.jpg'}, {'step_number': 3, 'description': '소스를 닭다리에 고루 발라 주세요~~', 'image_url': 'https://recipe1.ezmember.co.kr/cache/recipe/2017/05/26/ead6f4f2cc7e3bf9e4f0f441b96047451.jpg'}, {'step_number': 4, 'description': '야외에서 숯불에 집에서는 자이글 직화로 구워주시면\n됩니다. 이주 담백하고 깊은맛을 느낄수가 있습니다.', 'image_url': 'https://recipe1.ezmember.co.kr/cache/recipe/2017/05/26/6b6aa0fb934240fb88c9af5c4aa868361.jpg'}, {'step_number': 5, 'description': '파는 채썰어 곁들여 드시면 됩니다.', 'image_url': 'https://recipe1.ezmember.co.kr/cache/recipe/2017/05/26/3535f54abb4020ef98f78f916cd665fc1.jpg'}]"
43225,메인반찬,간식,닭고기,굽기,닭다리구이 에어프라이어 공기로 튀기다,닭다리구이,"12,507",60분 이내,초급,3인분,"[('닭다리', ''), ('우유', ''), ('허브솔트', ''), ('버터', '')]",주말에는 무슨 타임? 간식타임~~~ 오늘은 주방 청소를 엄청나게 했어요. 내일이나 모레에 올리겠지만... 셀프로 뭔가를 바꿨는데 청소를 해야겠죠. ^^;; 요즘 잠이 모자라서 아침에 일어났다가 약 먹고 배고파서 군것질 하고 다시 자요. 매일 그러다 보니 오전 시간에 뭘 하질 못하네요. 겨울잠을 자는 내가 곰인가? 싶기도 하고...,"[{'step_number': 1, 'description': '닭다리는 한봉지에 12개가 들어 있더라고요. 우유에 한시간 담가서 잡내를 잡아줍니다.', 'image_url': 'https://recipe1.ezmember.co.kr/cache/recipe/2018/11/21/df8d08a97fcdc4c030d5e364e514b7d31.jpg'}, {'step_number': 2, 'description': '물에 씻어내줍니다. 냉동실에 있던 거라서... 우유에 담갔다 물로 씻으니 핏물이 스믈스믈 나오더라고요. 열심히 빼내긴 했는데 그래도 남아있더라고요.', 'image_url': 'https://recipe1.ezmember.co.kr/cache/recipe/2018/11/21/a86ddb660b9105b8fd0412ebf372fc601.jpg'}, {'step_number': 3, 'description': '잘 익고 간이 안쪽까지 잘 스며들게 칼집을 앞뒤로 내줬어요.', 'image_url': 'https://recipe1.ezmember.co.kr/cache/recipe/2018/11/21/bf27cdfcf8b4e6fd0dbc07881ddd942a1.jpg'}, {'step_number': 4, 'description': '솔트를 뿌려서 닭에 양념을 해줍니다. 뿌리고 한 10분 정도 그냥 두었어요.', 'image_url': 'https://recipe1.ezmember.co.kr/cache/recipe/2018/11/21/5ae469f6794e6b6d4cf20d00d9c57aa71.jpg'}, {'step_number': 5, 'description': '에어프라이어 요즘 나오는 제품 최대가 7L라고 하더라고요. 영계용 닭 3마리가 들어간다고 하던데... 부럽네요, 7L는 크기가 얼마나 클까? 제거는 닭다리 6개가 들어가요. 쑤셔서 넣으면 더 들어가겠지만 다리가 12개라서 반씩 닭다리구이를 해보려고요. 시간을 어떻게 잡아야 할지 몰라서 중간중간 보면서 하려고 처음에는 180도에 10분을 돌렸어요.에어프라이어', 'image_url': 'https://recipe1.ezmember.co.kr/cache/recipe/2018/11/21/9bd12b1af63cc7b8cce0f20af7f70a031.jpg'}, {'step_number': 6, 'description': '10분을 돌리고 열어봤더니 핏물이 올라왔더라고요. 에어프라이어는 안 돌려도 되긴 하나 뒷면은 어떨까 싶어서 돌려봤어요. 아래쪽이 핏물이 더 나왔죠?', 'image_url': 'https://recipe1.ezmember.co.kr/cache/recipe/2018/11/21/24f77177e1cc856db96819d4bda9314a1.jpg'}, {'step_number': 7, 'description': '180도로 10분, 10분, 다시 20분을 추가로 더 돌렸어요. 노릇하게 구워진 닭다리구이~ 오~ 일단 때깔은 맘에 들어요. 속까지 익었는지 먹어봐야 알겠죠? 다리 하나 뜯어보니 잘 익었더라고요', 'image_url': 'https://recipe1.ezmember.co.kr/cache/recipe/2018/11/21/f579fe45cd4545fbe1c3376166e785ad1.jpg'}, {'step_number': 8, 'description': '6개는 또 언제 익히나 싶어서 후라이팬에 버터를 넣고 익히기 시작.... 먹는 게 중간에 끊어지면 입맛이 떨어지잖아요. ㅋㅋㅋ 일단 이렇게라도 익히다가 에어후라이어에 돌리면 익히는 시간을 줄일 수 있을 거 같아서요.', 'image_url': 'https://recipe1.ezmember.co.kr/cache/recipe/2018/11/21/de16667d22659c9e2ba5947d234a11ad1.jpg'}, {'step_number': 9, 'description': '속까지 다 익지 않았지만 그래도 겉은 익은 닭다리를 에어프라이어에 넣고 180도로 10분 돌리고 열어보고 다시 200도에 10분을 돌렸어요. 치킨너겟이나 가라케, 팝콘치킨, 양념 된 윙은 190도에 15분 돌려서 먹지만 이건 익히지 않은 닭이라서 중간에 열어보는 수밖에 없더라고요. 안 익은 걸 먹을 순 없으니까요. ^^', 'image_url': 'https://recipe1.ezmember.co.kr/cache/recipe/2018/11/21/20b3af42b70098a6fe9a59b54a5129f51.jpg'}]"
43226,메인반찬,간식,닭고기,굽기,스트레스 물러가라~ 매운 양념치킨~!!!,양념치킨,"2,578",30분 이내,아무나,2인분,"[('닭고기', '500g'), ('새싹채소', '100g'), ('버터', '1조각')]","바쁜 일상에 지친 날이면 매우 양념치킨으로 기운을 돋구고,스트레스도 날리곤 한답니다.^^","[{'step_number': 1, 'description': '허브솔트와 로즈마리를 뿌려 둡니다.\n청주를 넣어 연육과 잡내를 한번 더 잡아줍니다.\n버터를 녹여 잘 구워주면 됩니다.\n양념 소스에 굴소스를 넣어 주시면 양념맛이 한층 더 깊어진답니다.^^\n양념을 넣고 중불에서 잘 볶아 주시면 됩니다.\n예쁜 그릇에 야채를 깔고 양념치킨을 올려주시고요.\n잣과 파까지 송송 썰어 뿌려 주시면 완성.', 'image_url': None}, {'step_number': 2, 'description': '허브솔트와 로즈마리를 뿌려 둡니다.', 'image_url': 'https://recipe1.ezmember.co.kr/cache/recipe/2019/02/05/fe7bd64e0af604823819ac606a54753d1.jpg'}, {'step_number': 3, 'description': '청주를 넣어 연육과 잡내를 한번 더 잡아줍니다', 'image_url': 'https://recipe1.ezmember.co.kr/cache/recipe/2019/02/05/dceccc2f61e499a1dfea0061da12f8b01.jpg'}, {'step_number': 4, 'description': '버터를 녹여 잘 구워주면 됩니다.', 'image_url': 'https://recipe1.ezmember.co.kr/cache/recipe/2019/02/05/29634957a7b27c4e7d5f8b0cd1488ef11.jpg'}, {'step_number': 5, 'description': '노릇하게 잘 구워졌죠~ㅎ', 'image_url': 'https://recipe1.ezmember.co.kr/cache/recipe/2019/02/05/eb1ea7c40bfb27d64bdde64952f490f91.jpg'}, {'step_number': 6, 'description': '양념 소스에 굴소스를 넣어 주시면 양념맛이 한층 더 깊어진답니다.^^', 'image_url': 'https://recipe1.ezmember.co.kr/cache/recipe/2019/02/05/98ed3537ac8711558d2433b0fdbc7f861.jpg'}, {'step_number': 7, 'description': '맛있게 양념이 만들어졌죠~\n올리고당을 넣어 윤기 살리는 것 잊으시면 안됩니다~ㅎ', 'image_url': 'https://recipe1.ezmember.co.kr/cache/recipe/2019/02/05/c05533f5687cddf8b5dcec00e4282d0c1.jpg'}, {'step_number': 8, 'description': '양념을 넣고 중불에서 잘 볶아 주시면 됩니다.', 'image_url': 'https://recipe1.ezmember.co.kr/cache/recipe/2019/02/05/920943ab3f8ab80ce53db1eb0067af661.jpg'}, {'step_number': 9, 'description': '예쁜 그릇에 야채를 깔고 양념치킨을 올려주시고요.', 'image_url': 'https://recipe1.ezmember.co.kr/cache/recipe/2019/02/05/06c428c570c74a1c1a8e7032653c361b1.jpg'}, {'step_number': 10, 'description': '잣과 파까지 송송 썰어 뿌려 주시면 완성~!!!', 'image_url': 'https://recipe1.ezmember.co.kr/cache/recipe/2019/02/05/aba3f323ebab5c53388bd7933292265c1.jpg'}]"
43227,메인반찬,간식,닭고기,굽기,치킨오븐구이 담백하게 즐기기,치킨오븐구이,"6,727",60분 이내,초급,2인분,"[('생닭', ''), ('바질', ''), ('우유', ''), ('진간장', '5큰술'), ('마늘', '1/2큰술'), ('매실', '2큰술'), ('올리고당', '2큰술'), ('올리브오일', '2큰술'), ('소금', ''), ('후추', ''), ('맛술', '')]",간식으로 후다다악~ 오븐에 닭을 구웠어요. 기름이 쏘옥 빠져서 담백하게 즐기기에 딱 좋은 치킨오븐구이랍니다.,"[{'step_number': 1, 'description': '저는 껍질을 벗겨서 사용했어요. 닭은 소금과 후추, 맛술 넣고 조물조물해준 후에 우유에 30분 정도 담가 둡니다. 잡내와 육질을 연하게 해준다고 하지요.', 'image_url': 'https://recipe1.ezmember.co.kr/cache/recipe/2015/09/14/bf726c65430a2f879b06de8666ad9bd21.jpg'}, {'step_number': 2, 'description': '간장 양념을 해서 준비해 주시고요.', 'image_url': 'https://recipe1.ezmember.co.kr/cache/recipe/2015/09/14/bd48643887b08e09567657de3ef0e1011.jpg'}, {'step_number': 3, 'description': '30분 정도 담근 후 물에 헹군 후에 간장 양념을 부어주세요.', 'image_url': 'https://recipe1.ezmember.co.kr/cache/recipe/2015/09/14/980a2fc99ccd170c74a38af1be38356e1.jpg'}, {'step_number': 4, 'description': '그리고 바질도 넣어주세요. 없으면 할 수 없지만 울집엔 있으니 넣어줍니다.', 'image_url': 'https://recipe1.ezmember.co.kr/cache/recipe/2015/09/14/c24d14e58711e39f930407a3c27059e01.jpg'}, {'step_number': 5, 'description': '오전에 해놓고 양념이 쏘옥 스며들 때까지 놓아두면 좋으련만 전 시간이 많지 않아서 30분 정도 밖에 재워놓지 못했어요.', 'image_url': 'https://recipe1.ezmember.co.kr/cache/recipe/2015/09/14/eb242725f47006cdf5a82f0d01de058a1.jpg'}, {'step_number': 6, 'description': '기름이 빠지게 망에 올렸어요.', 'image_url': 'https://recipe1.ezmember.co.kr/cache/recipe/2015/09/14/ccca33ed9a53f4985cf901b397df2fbd1.jpg'}, {'step_number': 7, 'description': '오븐은 예열을 해놓았고요. 230도에 20분을 맞췄어요.오븐', 'image_url': 'https://recipe1.ezmember.co.kr/cache/recipe/2015/09/14/dd4481c2d7a2b93a5353beb88233f53d1.jpg'}, {'step_number': 8, 'description': '20분은 안 익었죠? 전체적으로 다 뒤집에서 다시 구워줍니다.', 'image_url': 'https://recipe1.ezmember.co.kr/cache/recipe/2015/09/14/0e3c4ae2694187f598afa07813209dac1.jpg'}, {'step_number': 9, 'description': '뒷면도 230도로 20분을 구워 치킨오븐구이를 담백하게 만들었어요.', 'image_url': 'https://recipe1.ezmember.co.kr/cache/recipe/2015/09/14/af886900ce2197a9b024e7f2afa92a521.jpg'}, {'step_number': 10, 'description': '완성입니다.', 'image_url': 'https://recipe1.ezmember.co.kr/cache/recipe/2015/09/14/995bd5268ac2280f1e78291126c6be371.jpg'}]"
43228,메인반찬,간식,닭고기,굽기,닭안심 매콤닭강정,닭강정,984,30분 이내,아무나,3인분,"[('닭안심', '800g'), ('밀가루', '1T'), ('전분가루', '1T'), ('깻잎', '5장'), ('청양고추', '2개'), ('고추장', '2T'), ('고운고춧가루', '1/2T'), ('간장', '1/2T'), ('매실액', '1T'), ('생강청', '1T'), ('술', '2T'), ('다진마늘', '1T')]","쉽고 간편하게 만들 수 있어서 자주 만들게되는

매콤 닭강정 입니다","[{'step_number': 1, 'description': '냉동상태의 한입쏙닭안심은 \n냉장고에서 해동하고\n밀가루+전분가루 묻혀 줍니다', 'image_url': 'https://recipe1.ezmember.co.kr/cache/recipe/2021/05/27/ce6c766737bc653453ee59df0e5765631.jpg'}, {'step_number': 2, 'description': '여분의 가루는 털고\n에어프라이어 용기에 담아서\n200도 10분 돌릴게요에어프라이어', 'image_url': 'https://recipe1.ezmember.co.kr/cache/recipe/2021/05/27/78020277289051b7873299980549d7b61.jpg'}, {'step_number': 3, 'description': '10분 돌린 닭안심\n뒤집어서 다시 돌려요\n200도 15분 돌려 줍니다', 'image_url': 'https://recipe1.ezmember.co.kr/cache/recipe/2021/05/27/556e46c6ea98936da31042d90e0e88f61.jpg'}, {'step_number': 4, 'description': '그동안 소스 만들게요', 'image_url': 'https://recipe1.ezmember.co.kr/cache/recipe/2021/05/27/d409e9efc7dc4850ac78499f2cbac0c41.jpg'}, {'step_number': 5, 'description': '25분 구운 닭안심입니다', 'image_url': 'https://recipe1.ezmember.co.kr/cache/recipe/2021/05/27/a3d52db8e417a8004a73937f908751861.jpg'}, {'step_number': 6, 'description': '소스에 넣고 재빨리 묻혀 냅니다', 'image_url': 'https://recipe1.ezmember.co.kr/cache/recipe/2021/05/27/5cec504347bd7cd4cfaa81c120813a5e1.jpg'}, {'step_number': 7, 'description': '참기름 톡~!!\n마무리해요', 'image_url': 'https://recipe1.ezmember.co.kr/cache/recipe/2021/05/27/345e8b61ee57f887756128ecaf39ab791.jpg'}]"
43229,메인반찬,간식,닭고기,굽기,교촌허니콤보 만들기 (with 치킨너겟) 홈파티,교촌허니콤보,"5,759",15분 이내,아무나,2인분,"[('치킨너겟', '13~15개'), ('진간장', '2큰술'), ('맛술', '2큰술'), ('꿀', '4큰술'), ('물', '3큰술'), ('다진마늘', '1작은술'), ('기름', '1작은술'), ('굴소스', '1작은술')]",치킨너겟으로 간단하게 교촌허니콤보를 만들 수 있다. 치킨너겟과 간단한 소스만 있으면 된다.,"[{'step_number': 1, 'description': '종이포일을 깔고 에어프라이어에 올려준 후 치킨너겟 13개~15개를 올린다. 180도 10분 굽고 뒤집어서 10분 구워준다.', 'image_url': 'https://recipe1.ezmember.co.kr/cache/recipe/2023/07/08/9e878ba9ab9fb9394a97011c53b36d291.jpg'}, {'step_number': 2, 'description': '재료들을 모두 넣어 섞어준다. 간단하게 소스가 완성된다.진간장 2큰술, 맛술 2큰술, 꿀 4큰술, 물 3큰술, 다진마늘 1작은술, 기름 1작은술, 굴소스 1작은술', 'image_url': 'https://recipe1.ezmember.co.kr/cache/recipe/2023/07/08/ebcff789eb590ac8ca6adeb6fe955d771.jpg'}, {'step_number': 3, 'description': '소스를 팬에 끓여준다. 3분 정도 끓인 후 불을 꺼준다.중불소스가 거의 졸아들려고 하기 전까지 끓여준다.', 'image_url': 'https://recipe1.ezmember.co.kr/cache/recipe/2023/07/08/4297ad03d61d4c3b2e511601511e4b631.jpg'}, {'step_number': 4, 'description': '불을 끄고 치킨너겟을 모두 넣어 소스에 버무려주면 된다.', 'image_url': 'https://recipe1.ezmember.co.kr/cache/recipe/2023/07/08/9b5fb5a9acbeda1ef3fc41ecacf3e9601.jpg'}, {'step_number': 5, 'description': '깨를 약간 뿌려 마무리한다.', 'image_url': 'https://recipe1.ezmember.co.kr/cache/recipe/2023/07/08/46cd7971e2280cab72e97a679cf4a0d21.jpg'}]"
43230,메인반찬,간식,닭고기,굽기,캠핑이 기대되는‘닭가슴살 꼬치구이’,닭가슴살꼬치구이,675,20분 이내,아무나,2인분,"[('수비드림 IQF 큐브 닭가슴살', '1/2봉'), ('양파', '1/4개'), ('홍파프리카', '1/4개'), ('노랑파프리카', '1/4개'), ('피망', '1/4개')]","캠핑의 계절이 돌아오는 지금!
내가 선정한 가장 기대되는 
레시피 공개!","[{'step_number': 1, 'description': '수비드림 IQF큐브 제품은 미리 해동하여 준비합니다.', 'image_url': 'https://recipe1.ezmember.co.kr/cache/recipe/2022/08/24/55a3efc8d5e2c7d98d1ef251e7ab8c081.jpg'}, {'step_number': 2, 'description': '양파와 파프리카(3색)은 IQF큐브와 비슷한 크기로 잘라주세요.', 'image_url': 'https://recipe1.ezmember.co.kr/cache/recipe/2022/08/24/bffb099b630b9d17abc30def04e4a9be1.jpg'}, {'step_number': 3, 'description': '준비하신 꼬치에 야채-닭가슴살-야채 순으로 꽂아주세요.', 'image_url': 'https://recipe1.ezmember.co.kr/cache/recipe/2022/08/24/b12c63aa767054be0b20bad4b947f2251.jpg'}, {'step_number': 4, 'description': '예열한 오븐에 10분, 뒤집어서 10분 구워주세요!오븐', 'image_url': 'https://recipe1.ezmember.co.kr/cache/recipe/2022/08/24/4cadca36b4621e43d9aa7633a579b6961.jpg'}, {'step_number': 5, 'description': '접시에 담아주면 완성!', 'image_url': 'https://recipe1.ezmember.co.kr/cache/recipe/2022/08/24/536853b0496e1f9000441c2d88bb8c251.jpg'}]"
43231,메인반찬,간식,닭고기,굽기,마늘간장치킨 만들기,마늘간장치킨,"35,118",60분 이내,초급,4인분,"[('닭볶음용', '1팩'), ('우유', ''), ('전분가루', ''), ('간장', '5'), ('굴소스', '1'), ('미림', '2'), ('다진마늘', '3'), ('조청', '2'), ('설탕', '1'), ('물', '1/2종이컵'), ('소금', ''), ('후추', '')]",마늘 꺼려하는 아이들도 맛나게 먹을수 있는!! 마늘간장치킨!!,"[{'step_number': 1, 'description': '닭은 깨끗하게 씻은후 불필요한 기름은 제거한 후 우유에 담가둡니다. 잡내 제거를 위해 30분 정도 재워두세요.', 'image_url': 'https://recipe1.ezmember.co.kr/cache/recipe/2015/12/29/9832f3cb72cc6e9199b26583f315f6961.jpg'}, {'step_number': 2, 'description': '닭 중간 중간 칼집을 내어준다. 그리고 밑간을 소금, 후추로 해준다.', 'image_url': 'https://recipe1.ezmember.co.kr/cache/recipe/2015/12/29/71532817b9c40c3de4dd8cddc74a23141.jpg'}, {'step_number': 3, 'description': '종이호일을 깔고 밑간해 놓은 닭을 올려 오븐에 구워준다. 종이호일 안깔고 하심 기름이 여기저기...청소하기 힘들어요. 오븐 185도에서 30~40분정도 돌렸어요. 중간중간 닭 뒤집어가며 체크해주세요.오븐', 'image_url': 'https://recipe1.ezmember.co.kr/cache/recipe/2015/12/29/46a9842861202aba8ee256a1c6d9ef3b1.jpg'}, {'step_number': 4, 'description': '오븐에서 닭이 읽는 동안 소스를 만들어 두었습니다. 다진마늘 듬뿍 3숟가락~ 취향껏 더 많이 넣어도 좋아요.', 'image_url': 'https://recipe1.ezmember.co.kr/cache/recipe/2015/12/29/525d2d7ca697e1f549e94c9a6894175d1.jpg'}, {'step_number': 5, 'description': '간장 5숟가락, 굴소스 1, 조청 2, 설탕 1, 미림 2, 물 반컵을 넣어준다.(조청 대신 올리고당,꿀로) 끓이기전 소스 살짝 맛보고 싱겁다 싶으면 간장을~~ 너무 짜다 그러면 설탕이나 물을 넣어주심되요.', 'image_url': 'https://recipe1.ezmember.co.kr/cache/recipe/2015/12/29/f08a90ae9d3ce37c60aeba61d3b13acd1.jpg'}, {'step_number': 6, 'description': '바글 바글 끓여주세요. 그리고 여기에 전분가루 물에 풀어서 넣어주세요.', 'image_url': 'https://recipe1.ezmember.co.kr/cache/recipe/2015/12/29/0606d9cfbbfd1a9377c08bbcfd1a05271.jpg'}, {'step_number': 7, 'description': '오븐에서 전쟁? 치르고 나온 닭 ㅋㅋ 기름이 장난이예요...기름쏙~~ 오븐 치킨 탄 부분은 가위로 잘라주세요. 양념에 버무리기 전 닭이 완전이 익어나 꼭 체크해주세요.', 'image_url': 'https://recipe1.ezmember.co.kr/cache/recipe/2015/12/29/5fe4c343d3c264c18da9b8188599112b1.jpg'}, {'step_number': 8, 'description': '양념소스에 닭을 넣고 잘 버무려 주심 완성!! 달콤 짭쪼롬하니 완전 맛나요.', 'image_url': 'https://recipe1.ezmember.co.kr/cache/recipe/2015/12/29/644035e1d23e842262decc0600b442631.jpg'}]"
43232,메인반찬,간식,닭고기,굽기,닭봉구이 만들기,닭봉구이,"19,625",30분 이내,초급,2인분,"[('닭봉                                                                                또는 닭다리6개', '500g'), ('해선장', '3큰술'), ('간장', '2큰술'), ('식용유', '1큰술'), ('꿀', '2큰술'), ('요리술(맛술)', '1큰술'), ('통깨', '1큰술')]",주말에 아이들 간식으로 해선장소스를 사용해서 만들어본 닭봉구이 입니다,"[{'step_number': 1, 'description': '닭봉은 깨끗하게 씻어서 키친타올에 올려 물기를 제거해 둡니다', 'image_url': 'https://recipe1.ezmember.co.kr/cache/recipe/2015/07/15/db685b787ac7c6a3cbca04064b57ee871.jpg'}, {'step_number': 2, 'description': '볼에 양념장 재료를 몽땅 넣어 섞어주세요', 'image_url': 'https://recipe1.ezmember.co.kr/cache/recipe/2015/07/15/930263f80c07e763b0888e3c99821a341.jpg'}, {'step_number': 3, 'description': '양념장에 닭봉을 넣어 섞어준후 냉장고에 넣어 한시간 이상 보관해서 양념이 잘베도록 두세요', 'image_url': 'https://recipe1.ezmember.co.kr/cache/recipe/2015/07/15/62e305da8a6085039c698b3d4dd5561f1.jpg'}, {'step_number': 4, 'description': '종이호일을 깔아준 베이킹팬에 닭고기를 올려 200도 오븐에서 40분간 구워 주세요오븐', 'image_url': 'https://recipe1.ezmember.co.kr/cache/recipe/2015/07/15/086e5036e5d52adcfc14fcbdfbd76e8a1.jpg'}]"
43233,메인반찬,간식,닭고기,굽기,<토실토실 닭다리 오븐구이>,None,"9,592",None,None,None,[],,[]
43234,메인반찬,간식,닭고기,굽기,(어린이날간식)매운닭가슴살구이:3색파프리카와 금홍방울토마토의 불닭치즈구이,불닭치즈구이,"1,110",60분 이내,초급,2인분,"[('닭가슴살', ''), ('우유', ''), ('파프리카', ''), ('방울토마토', ''), ('양파', ''), ('마늘', ''), ('모짜렐라치즈', ''), ('파슬리가루', ''), ('후추', ''), ('소금', ''), ('허브가루', ''), ('고추장', '2숟가락'), ('케첩', '1숟가락'), ('고춧가루', '1숟가락'), ('카레가루', '1/2숟가락'), ('굴소스', '1숟가락'), ('양파청', '2숟가락'), ('사과청', '1숟가락'), ('올리고당', '1숟가락'), ('다진마늘', '1숟가락')]",아이들이 좋아하는 불닭치즈구이에 건강함이 물씬 넘치는 컬러푸드 파프리카와 방울토마토를 넣어 만들어보았어요.,"[{'step_number': 1, 'description': '닭가슴살은 우유에 담가 잡내를 없앤다', 'image_url': 'https://recipe1.ezmember.co.kr/cache/recipe/2020/04/23/60daff898f8f8e8e25ed33c1cf4c15301.jpg'}, {'step_number': 2, 'description': '우유에서 건진 닭가슴살은 한입크기로 썰고 소금,후추,허브가루에 재어둔다', 'image_url': 'https://recipe1.ezmember.co.kr/cache/recipe/2020/04/23/eca30f42d80ea277f5c992bdf9551c3d1.jpg'}, {'step_number': 3, 'description': '달군 팬에 닭가슴살을 굽는다', 'image_url': 'https://recipe1.ezmember.co.kr/cache/recipe/2020/04/23/45ef11ddf866e146fc3cc4777fd2ba371.jpg'}, {'step_number': 4, 'description': '닭가슴살을 우유에 담가놓은 동안,마늘,양파,파프리카,방울토마토 등을 깨끗이 씻어 한입크기로 썰어둔다', 'image_url': 'https://recipe1.ezmember.co.kr/cache/recipe/2020/04/23/85ee7e406b0706d04f425545c00a1c391.jpg'}, {'step_number': 5, 'description': '양념재료를 섞어 양념장을 만든 후 방울토마토를 제외한 채소에 버무린다\n양념장은 입맛에 맞게 비율을 조절하세요', 'image_url': 'https://recipe1.ezmember.co.kr/cache/recipe/2020/04/23/f7a689e8d0e584a7dcdea4bb8cd6ca721.jpg'}, {'step_number': 6, 'description': '구운 닭가슴살을 한쪽으로 밀어두고 양념한 채소를 볶는다', 'image_url': 'https://recipe1.ezmember.co.kr/cache/recipe/2020/04/23/855b3eedf9791f1232ecfcc675ebab171.jpg'}, {'step_number': 7, 'description': '채소가 어느 정도 볶아지면 닭가슴살구이와 합쳐서 \n센불에서 빠르게 볶아낸다', 'image_url': 'https://recipe1.ezmember.co.kr/cache/recipe/2020/04/23/62a67c37e6e60a04b6f099f70cd237701.jpg'}, {'step_number': 8, 'description': '오븐용기에 볶은재료를 담고 방울토마토를 올린다.', 'image_url': 'https://recipe1.ezmember.co.kr/cache/recipe/2020/04/23/88f8f3d0b9a5e190b3b16de30eca926a1.jpg'}, {'step_number': 9, 'description': '모짜렐라치즈를 듬뿍얹고 190도 오븐이나 에어프라이어에요 치즈가 녹을 때까지 굽고 파슬리가루를 뿌린다에어프라이어 , 오븐', 'image_url': 'https://recipe1.ezmember.co.kr/cache/recipe/2020/04/23/6833e31c16faa0e50dfca5b17234b6b61.jpg'}]"
43235,메인반찬,간식,닭고기,굽기,통돌이오븐요리~만능간장으로 만든 닭다리요리,닭다리구이,"7,154",60분 이내,아무나,1인분,[],통돌이오븐 요리 2탄 만능간장을 이용한 닭다리 구이 ㅎㅎ 오늘은 통돌이오븐 요리 2탄으로 닭다리 구이를 만들었네요 마트에가면 닭다리만 판매하는게 있어요 저희는 다행히도 가까운 곳에 체리부로가 있어 싱싱한 고기를 언제든지 구입할수가 있어 감사하답니다 다오네 압력솥으로 주로 요리를 하는데 요즘은 통돌이로 요리를 많이 한답니다 간단하고 쉽게 통돌이오븐 요리 만능간장 과 통돌이만 있으면 ok,"[{'step_number': 1, 'description': '닭다리를 깨끗히 손질하여 오븐에 넣고 돌려줍니다오븐', 'image_url': 'https://recipe1.ezmember.co.kr/cache/recipe/2018/12/06/a67b8a4e5e1747ebc25e2021c02e3c521.jpg'}, {'step_number': 2, 'description': '통돌이오븐 요리 약 40분정도면 닭다리가 익더라구요 불에 강도에 따라 시간은 조금씩 차이가 날것입니다', 'image_url': 'https://recipe1.ezmember.co.kr/cache/recipe/2018/12/06/d9944119272b774cd2e442b9039f33941.jpg'}, {'step_number': 3, 'description': '익은 닭다리를 펜에 넣고 다오네 만능간장을 소주컵으로 1컵을 넣고 살살 저어가며 구워주세요', 'image_url': 'https://recipe1.ezmember.co.kr/cache/recipe/2018/12/06/a56ae8d9e1b589571818b5a076f4675d1.jpg'}, {'step_number': 4, 'description': '몇분만 저어가며 구워주면 맛있는 닭다리요리가 완성이 된답니다', 'image_url': 'https://recipe1.ezmember.co.kr/cache/recipe/2018/12/06/9d920c7a5fba5518f14dddb6e18604d51.jpg'}]"
43236,메인반찬,간식,닭고기,굽기,크리스마스 치킨굽기 (양면팬이용),치킨,"1,148",2시간 이상,아무나,2인분,"[('닭(11호)', '1마리'), ('레몬', '1개'), ('우유', '1대접'), ('허브솔트', '2수저'), ('후추', '1수저'), ('겨자', '1수저'), ('간장', '2수저'), ('꿀', '3수저'), ('마늘', '1수저'), ('우유', '2수저')]",간식으로 치킨을 훈제처럼 구워 만들어 보았습니다 우유와레몬즙을 넣어 숙성시켜 닭에 냄새도 전혀없고 담백하니 색깔도 좋고 ㅎㅎ 살짝은 탄것도 있지만 그래도 팬으로 한것치곤 맛도 있고 좋아요,"[{'step_number': 1, 'description': '*닭 구이할 재료들 입니다 *레몬은10조각으로 잘라주세요 \n*닭에 앞,뒤를 반씩 뿌려줄꺼예요', 'image_url': 'https://recipe1.ezmember.co.kr/cache/recipe/2018/12/20/40f6a13eefa172751cb2e7fac480781a1.jpg'}, {'step_number': 2, 'description': '닭은 엉덩이랑 목부분 기름을 제거 해주시고 깨끗이 씻어주세요', 'image_url': 'https://recipe1.ezmember.co.kr/cache/recipe/2018/12/20/66d00a724e7b1ed9a8ab5bd9495bdf2d1.jpg'}, {'step_number': 3, 'description': '*닭은 잘익도록 칼집을 여러군데 네어주세요\n그리고 닭에 허브소금,후추를 골고루 뿌려주세요***', 'image_url': 'https://recipe1.ezmember.co.kr/cache/recipe/2018/12/20/3398db6321181642ad24a6ca3945449f1.jpg'}, {'step_number': 4, 'description': '안쪽도 칼집을 네주세요 그리고 허브소금,후추를 뿌려주세요', 'image_url': 'https://recipe1.ezmember.co.kr/cache/recipe/2018/12/21/3912d756a21961235689953f138f59d51.jpg'}, {'step_number': 5, 'description': '우유한대접을 닭에 부어주고 레몬에 반은 등쪽에 짜주고 반은 나중에 한시간후 뒤집을때 짜준다\n(2시간을 냉장고에 숙성시켜 주세요)', 'image_url': 'https://recipe1.ezmember.co.kr/cache/recipe/2018/12/21/bb1e0787754a4b3a4b8eb30bdb58b7bd1.jpg'}, {'step_number': 6, 'description': '2시간 수성시킨 닭을 우유를 버리고 달구어진 팬에 올려주세요', 'image_url': 'https://recipe1.ezmember.co.kr/cache/recipe/2018/12/21/987d38b31d46f3dafdfacddf941ac4031.jpg'}, {'step_number': 7, 'description': '*팬을 달구어 기름1수저두르고 \n*뒤면을 바닥에 꾹 눌러 팬뚜껑을 약불에서 덮어주고15분 또앞면도 15분 또뒤면15분\n앞면15분 이렇게 하면 닭에 속까지 완전히 잘익어요', 'image_url': 'https://recipe1.ezmember.co.kr/cache/recipe/2018/12/21/442d235ca06c7d0af00d1da2ad8fa4e01.jpg'}, {'step_number': 8, 'description': '겨자소스만들기:겨자1,꿀3,간장2,마늘1,우유2,깨소금1', 'image_url': 'https://recipe1.ezmember.co.kr/cache/recipe/2018/12/21/4f36537807eafc33dc47b08c8c0a0db61.jpg'}, {'step_number': 9, 'description': '완성입니다 맛나요 단백하고해요 소스는 겨자소스, 허브소금, 두가지를 준비했습니다 여러분 맛나게 만들어 드세요^^', 'image_url': 'https://recipe1.ezmember.co.kr/cache/recipe/2018/12/21/a63663f589acc9d73099fa5daf71151e1.jpg'}]"
43237,메인반찬,간식,닭고기,굽기,에어프라이어 후라이드치킨 치킨만들기 음~치킨,후라이드치킨,"2,781",30분 이내,아무나,4인분,"[('닭날개', '1팩'), ('닭봉', '1팩'), ('튀김가루', '1컵'), ('소금', '약간'), ('후추', '약간'), ('맛술', '2큰술'), ('기름', '2큰술')]",후라이드치킨버전으로 치킨만들기를 할 수 있습니다. 요리법이 간단하고 쉬워서 누구나 할 수 있습니다.,"[{'step_number': 1, 'description': '닭봉과 닭 날개에 소금 약간 후추 약간 맛술 1큰술씩 넣고 잘 버무려서 30분 냉장 보관한다.닭의 밑간을 꼭 해줘야 한다.', 'image_url': 'https://recipe1.ezmember.co.kr/cache/recipe/2022/08/17/d2973caf098783ccfd32090bbc7d251d1.jpg'}, {'step_number': 2, 'description': '튀김가루를 종이컵으로 1컵 준비한 다음 냉장보관했던 염지된 닭에 골고루 묻혀준다.치킨파우더가 있다면 치킨파우더로 해도 된다.', 'image_url': 'https://recipe1.ezmember.co.kr/cache/recipe/2022/08/17/103b34e96e3cb77db8e6dc8c01de238f1.jpg'}, {'step_number': 3, 'description': '사진처럼 새하얗게 꼼꼼하게 튀김가루 범벅해 준다.', 'image_url': 'https://recipe1.ezmember.co.kr/cache/recipe/2022/08/17/5f375e892c84ab99750301ca5563eaa01.jpg'}, {'step_number': 4, 'description': '30분 정도 두면 닭의 수분에 의해 튀김가루가 스며든다. 튀김가루가 스며든 닭봉과 날개에 기름 1큰술씩 넣고 섞어준다.꼭 30분을 놔둔다.', 'image_url': 'https://recipe1.ezmember.co.kr/cache/recipe/2022/08/17/c1e6dedd352601dfb6f12b7cb2ac12c91.jpg'}, {'step_number': 5, 'description': '에어프라이어에 200도 20분 뒤집어서 10분 구워주면 된다.에어프라이어닭 날개와 닭봉을 함께 넣기에는 양이 많아 날개끼리 봉끼리 따로 구워준다.', 'image_url': 'https://recipe1.ezmember.co.kr/cache/recipe/2022/08/17/9cc09e6f7b6848d5cba88ad1fc00b1391.jpg'}, {'step_number': 6, 'description': '튀김가루만으로 바삭한 식감이 가득한 후라이드치킨이 완성된다.', 'image_url': 'https://recipe1.ezmember.co.kr/cache/recipe/2022/08/17/12bf001393a6e84237e8f2ba91eee5591.jpg'}]"
43238,메인반찬,간식,닭고기,굽기,#치킨텐더요리 #유린기만들기 #유린기소스만들기 #치킨텐더로만드는유린기 #초간단유린기소스,치킨텐더,"3,494",20분 이내,아무나,4인분,"[('치킨텐더', ''), ('양배추', '100g'), ('양파', '1/2개'), ('다진마늘', '1작은술'), ('썬파', '2큰술'), ('청양고추', '3개'), ('레드페퍼홀', '1작은술'), ('설탕', '2큰술'), ('간장', '4큰술'), ('식초', '2큰술'), ('맛술', '1큰술'), ('육수', '100ml')]","#치킨텐더요리 #유린기만들기 #유린기소스만들기

#치킨텐더로만드는유린기

#초간단유린기소스

​

​

간단하게 치킨텐더를 이용해서 유린기를 만들었습니다.

유린기는 새콤하면서도 단맛과 간장맛이 나는 소스이지요.

그 소스를 튀기거나 구운 닭고기에 뿌려서

야채들과 함께 먹는 중국식 에피타이저 요리입니다.

​

중식코스에서 대부분 유린기는 샐러드처럼 메인 앞에 등장하지요.

집에서 닭고기를 튀기기는 번거롭고 기름도 많이 들기도 하지만,

이 여름에 집에서 튀김을 하려면 한증막을 각오해야 하니

​

간편하게 에어프라이어로 치킨텐더를 튀겨주고 소스도

초간단하게 만들어서 뿌려서 먹는 중국식 샐러드인 유린기 만들어 보지요.

아이들한테도 최고 인기메뉴가 될 듯 싶습니다. ㅎㅎㅎ","[{'step_number': 1, 'description': '양배추를 채썰어 줍니다.', 'image_url': 'https://recipe1.ezmember.co.kr/cache/recipe/2022/08/01/b812ee06671899e3e5d43d691dbf1b641.jpg'}, {'step_number': 2, 'description': '양파도 채썰어서 준비합니다.', 'image_url': 'https://recipe1.ezmember.co.kr/cache/recipe/2022/08/01/7bf2e1705af60c9e35c97f8169c3adc51.jpg'}, {'step_number': 3, 'description': '채썬 양파와 양배추는 찬물에 담궈서 냉장고에 잠시 보관해 놓습니다. 양파의 알싸한 맛도 없애주면서 시원하고 아삭한 식감을 유지하기 위함입니다.', 'image_url': 'https://recipe1.ezmember.co.kr/cache/recipe/2022/08/01/4572b43e1d9a248913e3b0e607426abf1.jpg'}, {'step_number': 4, 'description': '유린기소스를 만들어 줍니다. 다진마늘, 다진파, 다진청양고추, 레드페퍼홀를 넣어 주고', 'image_url': 'https://recipe1.ezmember.co.kr/cache/recipe/2022/08/01/d7b6c41c290b8fc06d0534c7da22d14e1.jpg'}, {'step_number': 5, 'description': '식초, 간장, 맛술, 설탕, 육수를 넣어 간을 맞춰 줍니다. 간은 짠맛은 약하면서 단순히 싱겁지 않은 간을 맞춰 주고 새콤 달콤한 맛이 강한 유린기 소스를 만들어 주시면 됩니다. \n덤으로 매콤한 향과 맛을 내어 주면 더욱 좋습니다. 청양고추와 레드페퍼홀이 들어가서 살짝쿵 매콤한 향과 맛을 줍니다.', 'image_url': 'https://recipe1.ezmember.co.kr/cache/recipe/2022/08/01/d3becdf9630d240722ec952c88be73cf1.jpg'}, {'step_number': 6, 'description': '찬물에 담궈서 차갑게 식혀 두었던 양배추와 양파채는 물을 버려 주고는 완성 접시에 깔아 줍니다.', 'image_url': 'https://recipe1.ezmember.co.kr/cache/recipe/2022/08/01/88736b98a8df378a13b9c420fd75c85d1.jpg'}, {'step_number': 7, 'description': '치킨텐더를 에어프라이어로 튀겨 줍니다. 180도 온도에서 앞뒤로 골고루 10분씩 튀겨 줍니다.에어프라이어', 'image_url': 'https://recipe1.ezmember.co.kr/cache/recipe/2022/08/01/1bc0f90d54f9f61ea40ee51ee46ff72b1.jpg'}, {'step_number': 8, 'description': '잘 튀겨진 노릇노릇한 치킨텐더를 양배추와 양파 채 위에 소복하게 올려 담아 줍니다.', 'image_url': 'https://recipe1.ezmember.co.kr/cache/recipe/2022/08/01/d60d9de90f6467c354e1145b07caed9e1.jpg'}, {'step_number': 9, 'description': '만들어 놓았던 차가운 유린기 소스를 과감하게 위에 뿌려 줍니다. 흰색, 초록색, 빨간색이 도드라지게 치킨위에 수북하게 뿌려지도록 위에서 뿌려 주는 센스!!! \n새콤하면서도 단짠단짠한 유린기소스를 이용해서 냉동 치킨텐더로 만들어 본 유린기 완성입니다. 쉽고 간단하게 만드는 유린기소스!!!', 'image_url': 'https://recipe1.ezmember.co.kr/cache/recipe/2022/08/01/326612bd6c7cd2550fb92608babffc901.jpg'}]"
43239,메인반찬,간식,닭고기,굽기,집에서 건강한 재료로 만든 에어프라이 닭봉구이 ㅣ 마늘 간장소스 닭봉구이,None,"1,800",30분 이내,아무나,1인분,"[('닭봉', '8~10개'), ('진간장', '3스푼'), ('다진마늘', ''), ('후추', ''), ('다진청양고추', ''), ('올리고당', '3스푼')]",,[]
43240,메인반찬,간식,닭고기,굽기,냉동닭가슴살로 치킨강정 만들기,치킨강정,"2,391",60분 이내,아무나,3인분,"[('닭가슴살', '3개'), ('술', '2T'), ('소금', '1t'), ('밀가루', '2T'), ('양파', '1개'), ('고추장', '1.5T'), ('간장', '1T'), ('매실액', '1T'), ('술', '1T'), ('유자청', '2T'), ('소금', '1/2t'), ('물', '3T'), ('참기름', '1/2t')]","오랜만에 만드는 치킨강정 입니다

애정하는 닭요리인데

어쩌나보니 한 동안 안 만들었어요 ㅎ

​

오랜만에 만든만큼 인기도 짱!!

​

오늘 치킨강정은 냉동닭가슴살 사용 했어요","[{'step_number': 1, 'description': '냉장해동한 닭가슴살은 잘 씻은 후\n한 입 크기로 썰어 줍니다\n술, 소금으로 조물조물 밑간해서\n냉장고에 30분 두어요', 'image_url': 'https://recipe1.ezmember.co.kr/cache/recipe/2022/01/22/400104de97e2bc4e3b1ba22a011375aa1.jpg'}, {'step_number': 2, 'description': '체에 받혀서 여분의 수분은 제거하고\n밀가루 묻혀 옷 입혀요\n튀김가루, 녹말 사용해도 됩니다', 'image_url': 'https://recipe1.ezmember.co.kr/cache/recipe/2022/01/22/18d7fb91cee926880af696ff199d467e1.jpg'}, {'step_number': 3, 'description': '서로 붙지 않도록 에어프라이어에 담아 줍니다\n180도 10분 돌려요\n에어프라이어', 'image_url': 'https://recipe1.ezmember.co.kr/cache/recipe/2022/01/22/5496a3359a52e120866fdbc433d42fd91.jpg'}, {'step_number': 4, 'description': '뒤집고 200도 8분\n다시 뒤집고 200도 10분 돌려요\n바삭함 원하면\n200도 5분 더 돌려주면 됩니다\n저는 패스~', 'image_url': 'https://recipe1.ezmember.co.kr/cache/recipe/2022/01/22/4089a04d031c671455aa35d8ce83676c1.jpg'}, {'step_number': 5, 'description': '구워지는 동안 소스 만들게요\n불에올려 바글바글 끓여요', 'image_url': 'https://recipe1.ezmember.co.kr/cache/recipe/2022/01/22/a440cab49bcd67d4adc4b1a7c280314d1.jpg'}, {'step_number': 6, 'description': '끓으면 잘게 썬 양파넣고\n잠시 끓여요', 'image_url': 'https://recipe1.ezmember.co.kr/cache/recipe/2022/01/22/fc5be1b16d6a6fe88ac66731bed9b3451.jpg'}, {'step_number': 7, 'description': '치킨담고\n소스에 버무려 줍니다', 'image_url': 'https://recipe1.ezmember.co.kr/cache/recipe/2022/01/22/a78a5a8f8e8299db7c9ae2f4ace2d4561.jpg'}, {'step_number': 8, 'description': '참기름 톡~~\n마무리해요', 'image_url': 'https://recipe1.ezmember.co.kr/cache/recipe/2022/01/22/f07f62ea3d319938c3f31130eabbe2ef1.jpg'}]"
